Time	Population
0.000000000000000000e+00 7.043938075593819681e-02
1.000000000000000000e+01 7.275648628326303324e-02
2.000000000000000000e+01 7.962745171625057461e-02
3.000000000000000000e+01 9.077154673522144779e-02
4.000000000000000000e+01 1.057206166538594838e-01
5.000000000000000000e+01 1.238535247762922176e-01
6.000000000000000000e+01 1.444344375390857194e-01
7.000000000000000000e+01 1.666563973258943787e-01
8.000000000000000000e+01 1.896864260257397350e-01
9.000000000000000000e+01 2.127086603075696303e-01
1.000000000000000000e+02 2.349625361416436964e-01
1.100000000000000000e+02 2.557738247740949378e-01
1.200000000000000000e+02 2.745772669101774199e-01
1.300000000000000000e+02 2.909304582287217111e-01
1.400000000000000000e+02 3.045193955953390264e-01
1.500000000000000000e+02 3.151567638035194241e-01
1.600000000000000000e+02 3.227743926899062643e-01
1.700000000000000000e+02 3.274115052875077314e-01
1.800000000000000000e+02 3.292003053263023449e-01
1.900000000000000000e+02 3.283502932443597144e-01
2.000000000000000000e+02 3.251324675832925615e-01
2.100000000000000000e+02 3.198641422965637360e-01
2.200000000000000000e+02 3.128948988165901612e-01
2.300000000000000000e+02 3.045938443646248883e-01
2.400000000000000000e+02 2.953381733847951218e-01
2.500000000000000000e+02 2.855028499258623342e-01
2.600000000000000000e+02 2.754512088039197115e-01
2.700000000000000000e+02 2.655262689255386555e-01
2.800000000000000000e+02 2.560426391407422675e-01
2.900000000000000000e+02 2.472789584035424981e-01
3.000000000000000000e+02 2.394709856808950876e-01
3.100000000000000000e+02 2.328056274657385738e-01
3.200000000000000000e+02 2.274161858328891395e-01
3.300000000000000000e+02 2.233792199509146703e-01
3.400000000000000000e+02 2.207134148033789156e-01
3.500000000000000000e+02 2.193807613268400070e-01
3.600000000000000000e+02 2.192902812569175464e-01
3.700000000000000000e+02 2.203041940578908675e-01
3.800000000000000000e+02 2.222462743506112004e-01
3.900000000000000000e+02 2.249121377820673673e-01
4.000000000000000000e+02 2.280807188144179654e-01
4.100000000000000000e+02 2.315261303774973911e-01
4.200000000000000000e+02 2.350292427505089321e-01
4.300000000000000000e+02 2.383882371116568533e-01
4.400000000000000000e+02 2.414273303505249380e-01
4.500000000000000000e+02 2.440032736480695630e-01
4.600000000000000000e+02 2.460094745518603687e-01
4.700000000000000000e+02 2.473774934591366770e-01
4.800000000000000000e+02 2.480761805287777511e-01
4.900000000000000000e+02 2.481088637055376411e-01
5.000000000000000000e+02 2.475089707728624078e-01
5.100000000000000000e+02 2.463345325181861833e-01
5.200000000000000000e+02 2.446622200912713652e-01
5.300000000000000000e+02 2.425813815087781433e-01
5.400000000000000000e+02 2.401883423642953430e-01
5.500000000000000000e+02 2.375813141863556410e-01
5.600000000000000000e+02 2.348560943419321090e-01
5.700000000000000000e+02 2.321026428035548594e-01
5.800000000000000000e+02 2.294024968073261894e-01
5.900000000000000000e+02 2.268269812155625786e-01
6.000000000000000000e+02 2.244361017154421767e-01
6.100000000000000000e+02 2.222780325452028694e-01
6.200000000000000000e+02 2.203890788208671403e-01
6.300000000000000000e+02 2.187939948299655601e-01
6.400000000000000000e+02 2.175065280931331724e-01
6.500000000000000000e+02 2.165301722882567448e-01
6.600000000000000000e+02 2.158590707455781965e-01
6.700000000000000000e+02 2.154790586501370842e-01
6.800000000000000000e+02 2.153687494022790416e-01
6.900000000000000000e+02 2.155006570278499844e-01
7.000000000000000000e+02 2.158424451401941002e-01
7.100000000000000000e+02 2.163581845174568363e-01
7.200000000000000000e+02 2.170096208210375577e-01
7.300000000000000000e+02 2.177574474214014344e-01
7.400000000000000000e+02 2.185625299154174972e-01
7.500000000000000000e+02 2.193870699982782835e-01
7.600000000000000000e+02 2.201956442562750249e-01
7.700000000000000000e+02 2.209560679998576194e-01
7.800000000000000000e+02 2.216401088672235453e-01
7.900000000000000000e+02 2.222240101265836876e-01
8.000000000000000000e+02 2.226887894748008079e-01
8.100000000000000000e+02 2.230203091770132928e-01
8.200000000000000000e+02 2.232091387491440537e-01
8.300000000000000000e+02 2.232502091489889373e-01
8.400000000000000000e+02 2.231422883543863200e-01
8.500000000000000000e+02 2.228873659367974769e-01
8.600000000000000000e+02 2.224899302695911574e-01
8.700000000000000000e+02 2.219562433147315439e-01
8.800000000000000000e+02 2.212936269503038289e-01
8.900000000000000000e+02 2.205097601616768932e-01
9.000000000000000000e+02 2.196120349289684692e-01
9.100000000000000000e+02 2.186070727004602032e-01
9.200000000000000000e+02 2.175003192498930482e-01
9.300000000000000000e+02 2.162957615888776441e-01
9.400000000000000000e+02 2.149957726410747227e-01
9.500000000000000000e+02 2.136011041335240945e-01
9.600000000000000000e+02 2.121109790982080023e-01
9.700000000000000000e+02 2.105232489812414176e-01
9.800000000000000000e+02 2.088346402896908982e-01
9.900000000000000000e+02 2.070410878735878535e-01
1.000000000000000000e+03 2.051381024136697817e-01
1.010000000000000000e+03 2.031211828738235248e-01
1.020000000000000000e+03 2.009862698333411135e-01
1.030000000000000000e+03 1.987302082053030161e-01
1.040000000000000000e+03 1.963511998309369067e-01
1.050000000000000000e+03 1.938492264563044243e-01
1.060000000000000000e+03 1.912264271509212521e-01
1.070000000000000000e+03 1.884874298941992821e-01
1.080000000000000000e+03 1.856396171403019713e-01
1.090000000000000000e+03 1.826932832148660812e-01
1.100000000000000000e+03 1.796616403765500802e-01
1.110000000000000000e+03 1.765606610213608929e-01
1.120000000000000000e+03 1.734087876228449232e-01
1.130000000000000000e+03 1.702265048416755910e-01
1.140000000000000000e+03 1.670357503835991075e-01
1.150000000000000000e+03 1.638592234726118091e-01
1.160000000000000000e+03 1.607196354027302376e-01
1.170000000000000000e+03 1.576389460808799436e-01
1.180000000000000000e+03 1.546376293788915279e-01
1.190000000000000000e+03 1.517340263290772318e-01
1.200000000000000000e+03 1.489438216380715996e-01
1.210000000000000000e+03 1.462796799218609722e-01
1.220000000000000000e+03 1.437510591898671086e-01
1.230000000000000000e+03 1.413641920163976329e-01
1.240000000000000000e+03 1.391222116373570517e-01
1.250000000000000000e+03 1.370254048910200251e-01
1.260000000000000000e+03 1.350715809692342451e-01
1.270000000000000000e+03 1.332565058552629134e-01
1.280000000000000000e+03 1.315743422900644277e-01
1.290000000000000000e+03 1.300180932453946225e-01
1.300000000000000000e+03 1.285800405592802675e-01
1.310000000000000000e+03 1.272521480282245987e-01
1.320000000000000000e+03 1.260263952162267997e-01
1.330000000000000000e+03 1.248950425173804141e-01
1.340000000000000000e+03 1.238508499846617400e-01
1.350000000000000000e+03 1.228872411826370248e-01
1.360000000000000000e+03 1.219984006630853851e-01
1.370000000000000000e+03 1.211793152351136743e-01
1.380000000000000000e+03 1.204257777009745262e-01
1.390000000000000000e+03 1.197343624356878300e-01
1.400000000000000000e+03 1.191023757455582643e-01
1.410000000000000000e+03 1.185277823517235790e-01
1.420000000000000000e+03 1.180091189364829291e-01
1.430000000000000000e+03 1.175454102726661981e-01
1.440000000000000000e+03 1.171360887857675614e-01
1.450000000000000000e+03 1.167809179517182994e-01
1.460000000000000000e+03 1.164799148667798045e-01
1.470000000000000000e+03 1.162332780056400255e-01
1.480000000000000000e+03 1.160413169615401030e-01
1.490000000000000000e+03 1.159043804945290856e-01
1.500000000000000000e+03 1.158227957040673245e-01
1.510000000000000000e+03 1.157968071534024451e-01
1.520000000000000000e+03 1.158265075557312479e-01
1.530000000000000000e+03 1.159117674843034712e-01
1.540000000000000000e+03 1.160521645479947322e-01
1.550000000000000000e+03 1.162469249196502186e-01
1.560000000000000000e+03 1.164948777198886176e-01
1.570000000000000000e+03 1.167944121898440990e-01
1.580000000000000000e+03 1.171434460305273151e-01
1.590000000000000000e+03 1.175394127375867515e-01
1.600000000000000000e+03 1.179792695420257553e-01
1.610000000000000000e+03 1.184595208817787321e-01
1.620000000000000000e+03 1.189762534092090596e-01
1.630000000000000000e+03 1.195251763883743990e-01
1.640000000000000000e+03 1.201016650102969818e-01
1.650000000000000000e+03 1.207008124974905394e-01
1.660000000000000000e+03 1.213174871725952592e-01
1.670000000000000000e+03 1.219463873963012035e-01
1.680000000000000000e+03 1.225820962355610305e-01
1.690000000000000000e+03 1.232191373315807276e-01
1.700000000000000000e+03 1.238520333877309587e-01
1.710000000000000000e+03 1.244753692391312033e-01
1.720000000000000000e+03 1.250838560993313975e-01
1.730000000000000000e+03 1.256723943649394326e-01
1.740000000000000000e+03 1.262361320022812594e-01
1.750000000000000000e+03 1.267705172125764557e-01
1.760000000000000000e+03 1.272713495912737025e-01
1.770000000000000000e+03 1.277348151977578394e-01
1.780000000000000000e+03 1.281575091909065711e-01
1.790000000000000000e+03 1.285364377318886364e-01
1.800000000000000000e+03 1.288689990314772771e-01
1.810000000000000000e+03 1.291529570651466508e-01
1.820000000000000000e+03 1.293864149843739486e-01
1.830000000000000000e+03 1.295677897603390860e-01
1.840000000000000000e+03 1.296957927313779346e-01
1.850000000000000000e+03 1.297694238592931593e-01
1.860000000000000000e+03 1.297879876613906303e-01
1.870000000000000000e+03 1.297511326629343098e-01
1.880000000000000000e+03 1.296589084679672377e-01
1.890000000000000000e+03 1.295118404575979765e-01
1.900000000000000000e+03 1.293110125797439225e-01
1.910000000000000000e+03 1.290581453400548584e-01
1.920000000000000000e+03 1.287556637270959592e-01
1.930000000000000000e+03 1.284067434206841440e-01
1.940000000000000000e+03 1.280153041639115474e-01
1.950000000000000000e+03 1.275859592151646071e-01
1.960000000000000000e+03 1.271239277738784867e-01
1.970000000000000000e+03 1.266348822676668928e-01
1.980000000000000000e+03 1.261247646420224910e-01
1.990000000000000000e+03 1.255995789628953918e-01
2.000000000000000000e+03 1.250651741472943723e-01
2.010000000000000000e+03 1.245270323518412048e-01
2.020000000000000000e+03 1.239900835868315426e-01
2.030000000000000000e+03 1.234585748812022932e-01
2.040000000000000000e+03 1.229359965167151764e-01
2.050000000000000000e+03 1.224250619997271083e-01
2.060000000000000000e+03 1.219277432998854133e-01
2.070000000000000000e+03 1.214453493260512634e-01
2.080000000000000000e+03 1.209786460212211867e-01
2.090000000000000000e+03 1.205280047656824560e-01
2.100000000000000000e+03 1.200935546504030838e-01
2.110000000000000000e+03 1.196753245986637709e-01
2.120000000000000000e+03 1.192733668465832259e-01
2.130000000000000000e+03 1.188878513212193039e-01
2.140000000000000000e+03 1.185191422098243325e-01
2.150000000000000000e+03 1.181678476090678442e-01
2.160000000000000000e+03 1.178348353356058476e-01
2.170000000000000000e+03 1.175212180643686738e-01
2.180000000000000000e+03 1.172283220282791527e-01
2.190000000000000000e+03 1.169576441812475581e-01
2.200000000000000000e+03 1.167107908908426722e-01
2.210000000000000000e+03 1.164894100668096011e-01
2.220000000000000000e+03 1.162951242317209199e-01
2.230000000000000000e+03 1.161294646138347209e-01
2.240000000000000000e+03 1.159938089172940640e-01
2.250000000000000000e+03 1.158893274488461411e-01
2.260000000000000000e+03 1.158169395812710806e-01
2.270000000000000000e+03 1.157772781956228486e-01
2.280000000000000000e+03 1.157706607941284410e-01
2.290000000000000000e+03 1.157970703408447433e-01
2.300000000000000000e+03 1.158561448548485473e-01
2.310000000000000000e+03 1.159471732221905999e-01
2.320000000000000000e+03 1.160690976981518102e-01
2.330000000000000000e+03 1.162205150919726482e-01
2.340000000000000000e+03 1.163996833897095878e-01
2.350000000000000000e+03 1.166045382650378465e-01
2.360000000000000000e+03 1.168327166710123599e-01
2.370000000000000000e+03 1.170815856512117115e-01
2.380000000000000000e+03 1.173482728022620658e-01
2.390000000000000000e+03 1.176296972396787960e-01
2.400000000000000000e+03 1.179225954642973972e-01
2.410000000000000000e+03 1.182235402730863472e-01
2.420000000000000000e+03 1.185289427676126106e-01
2.430000000000000000e+03 1.188350334760203686e-01
2.440000000000000000e+03 1.191378259526802430e-01
2.450000000000000000e+03 1.194330699504868448e-01
2.460000000000000000e+03 1.197161988479995692e-01
2.470000000000000000e+03 1.199822783963643280e-01
2.480000000000000000e+03 1.202259654653163035e-01
2.490000000000000000e+03 1.204414888596963690e-01
2.500000000000000000e+03 1.206226620830512936e-01
2.510000000000000000e+03 1.207629314708677792e-01
2.520000000000000000e+03 1.208554650915896339e-01
2.530000000000000000e+03 1.208932750887500157e-01
2.540000000000000000e+03 1.208693647102608848e-01
2.550000000000000000e+03 1.207768999427409895e-01
2.560000000000000000e+03 1.206093972508518186e-01
2.570000000000000000e+03 1.203609137396081663e-01
2.580000000000000000e+03 1.200262292697950317e-01
2.590000000000000000e+03 1.196010103413358699e-01
2.600000000000000000e+03 1.190819506907224851e-01
2.610000000000000000e+03 1.184668884822591278e-01
2.620000000000000000e+03 1.177548855930125316e-01
2.630000000000000000e+03 1.169462674533658791e-01
2.640000000000000000e+03 1.160426211008524083e-01
2.650000000000000000e+03 1.150467500866518139e-01
2.660000000000000000e+03 1.139626018438383848e-01
2.670000000000000000e+03 1.127951742367541837e-01
2.680000000000000000e+03 1.115504020158148979e-01
2.690000000000000000e+03 1.102350300603885808e-01
2.700000000000000000e+03 1.088564790151912015e-01
2.710000000000000000e+03 1.074227115368031893e-01
2.720000000000000000e+03 1.059421025303224906e-01
2.730000000000000000e+03 1.044233113601876067e-01
2.740000000000000000e+03 1.028751648863516777e-01
2.750000000000000000e+03 1.013065473415952350e-01
2.760000000000000000e+03 9.972629572380825591e-02
2.770000000000000000e+03 9.814310903137406228e-02
2.780000000000000000e+03 9.656547606387894112e-02
2.790000000000000000e+03 9.500161470721271706e-02
2.800000000000000000e+03 9.345942396327444612e-02
2.810000000000000000e+03 9.194645001257818751e-02
2.820000000000000000e+03 9.046985639301297066e-02
2.830000000000000000e+03 8.903638918333432739e-02
2.840000000000000000e+03 8.765233292558852196e-02
2.850000000000000000e+03 8.632345395623705619e-02
2.860000000000000000e+03 8.505493004015331204e-02
2.870000000000000000e+03 8.385126488053593063e-02
2.880000000000000000e+03 8.271619222707422836e-02
2.890000000000000000e+03 8.165258589158674862e-02
2.900000000000000000e+03 8.066239539393471603e-02
2.910000000000000000e+03 7.974662244178189197e-02
2.920000000000000000e+03 7.890534528124841518e-02
2.930000000000000000e+03 7.813779458392307309e-02
2.940000000000000000e+03 7.744247799543063637e-02
2.950000000000000000e+03 7.681733823102607217e-02
2.960000000000000000e+03 7.625992189996809445e-02
2.970000000000000000e+03 7.576754058543624937e-02
2.980000000000000000e+03 7.533740994173929173e-02
2.990000000000000000e+03 7.496675772078151279e-02
3.000000000000000000e+03 7.465289742264835660e-02
3.010000000000000000e+03 7.439327361809548733e-02
3.020000000000000000e+03 7.418549004835932326e-02
3.030000000000000000e+03 7.402732608307475981e-02
3.040000000000000000e+03 7.391674831817288127e-02
3.050000000000000000e+03 7.385192281770114331e-02
3.060000000000000000e+03 7.383122766678112958e-02
3.070000000000000000e+03 7.385325838106276963e-02
3.080000000000000000e+03 7.391681897339043295e-02
3.090000000000000000e+03 7.402090039794041731e-02
3.100000000000000000e+03 7.416464771192898819e-02
3.110000000000000000e+03 7.434732056756117313e-02
3.120000000000000000e+03 7.456826041085061474e-02
3.130000000000000000e+03 7.482687555082982722e-02
3.140000000000000000e+03 7.512264867466673934e-02
3.150000000000000000e+03 7.545516171110266956e-02
3.160000000000000000e+03 7.582413180252320362e-02
3.170000000000000000e+03 7.622944727876061755e-02
3.180000000000000000e+03 7.667119096626269503e-02
3.190000000000000000e+03 7.714963787411599494e-02
3.200000000000000000e+03 7.766522051271916582e-02
3.210000000000000000e+03 7.821846467835365246e-02
3.220000000000000000e+03 7.880990215714621383e-02
3.230000000000000000e+03 7.943997433591584723e-02
3.240000000000000000e+03 8.010894076580880874e-02
3.250000000000000000e+03 8.081680327559438715e-02
3.260000000000000000e+03 8.156325870109235043e-02
3.270000000000000000e+03 8.234768645897369566e-02
3.280000000000000000e+03 8.316916939553377353e-02
3.290000000000000000e+03 8.402654396185488261e-02
3.300000000000000000e+03 8.491847593210981315e-02
3.310000000000000000e+03 8.584355430794458897e-02
3.320000000000000000e+03 8.680039268379470541e-02
3.330000000000000000e+03 8.778773205849819961e-02
3.340000000000000000e+03 8.880453666143589553e-02
3.350000000000000000e+03 8.985007410236579839e-02
3.360000000000000000e+03 9.092396636019486889e-02
3.370000000000000000e+03 9.202620659482316223e-02
3.380000000000000000e+03 9.315713700740142766e-02
3.390000000000000000e+03 9.431737903426128111e-02
3.400000000000000000e+03 9.550771701333984898e-02
3.410000000000000000e+03 9.672894628347886159e-02
3.420000000000000000e+03 9.798169853040467059e-02
3.430000000000000000e+03 9.926626081581114980e-02
3.440000000000000000e+03 1.005823984717772734e-01
3.450000000000000000e+03 1.019292008717158221e-01
3.460000000000000000e+03 1.033049696592781841e-01
3.470000000000000000e+03 1.047071534520365582e-01
3.480000000000000000e+03 1.061323321707695472e-01
3.490000000000000000e+03 1.075762504919801632e-01
3.500000000000000000e+03 1.090338848224593760e-01
3.510000000000000000e+03 1.104995411346225698e-01
3.520000000000000000e+03 1.119669649898577812e-01
3.530000000000000000e+03 1.134294393289514702e-01
3.540000000000000000e+03 1.148798710814124963e-01
3.550000000000000000e+03 1.163108543553364044e-01
3.560000000000000000e+03 1.177147221459981519e-01
3.570000000000000000e+03 1.190835915522748534e-01
3.580000000000000000e+03 1.204093923307571479e-01
3.590000000000000000e+03 1.216839041181882880e-01
3.600000000000000000e+03 1.228988144130886001e-01
3.610000000000000000e+03 1.240458019317239174e-01
3.620000000000000000e+03 1.251166475958045698e-01
3.630000000000000000e+03 1.261033698363918099e-01
3.640000000000000000e+03 1.269983750096808084e-01
3.650000000000000000e+03 1.277946152278937320e-01
3.660000000000000000e+03 1.284857412659536346e-01
3.670000000000000000e+03 1.290662461500583225e-01
3.680000000000000000e+03 1.295315862352221514e-01
3.690000000000000000e+03 1.298782684094211826e-01
3.700000000000000000e+03 1.301039055446916448e-01
3.710000000000000000e+03 1.302072457971265862e-01
3.720000000000000000e+03 1.301881678787481789e-01
3.730000000000000000e+03 1.300476463875119004e-01
3.740000000000000000e+03 1.297877043666530728e-01
3.750000000000000000e+03 1.294113566565590345e-01
3.760000000000000000e+03 1.289225402540423449e-01
3.770000000000000000e+03 1.283260313391019758e-01
3.780000000000000000e+03 1.276273496370069760e-01
3.790000000000000000e+03 1.268326575992948513e-01
3.800000000000000000e+03 1.259486473465020462e-01
3.810000000000000000e+03 1.249824128704778992e-01
3.820000000000000000e+03 1.239413130069607488e-01
3.830000000000000000e+03 1.228328289244353944e-01
3.840000000000000000e+03 1.216644240291856333e-01
3.850000000000000000e+03 1.204434199204337669e-01
3.860000000000000000e+03 1.191768972020733758e-01
3.870000000000000000e+03 1.178716214959167202e-01
3.880000000000000000e+03 1.165339972210015923e-01
3.890000000000000000e+03 1.151700453415809150e-01
3.900000000000000000e+03 1.137853951333130803e-01
3.910000000000000000e+03 1.123852778039225730e-01
3.920000000000000000e+03 1.109745116942890131e-01
3.930000000000000000e+03 1.095574761958570814e-01
3.940000000000000000e+03 1.081380813009503311e-01
3.950000000000000000e+03 1.067197462756806770e-01
3.960000000000000000e+03 1.053054020890745457e-01
3.970000000000000000e+03 1.038975298960009841e-01
3.980000000000000000e+03 1.024982436813093034e-01
3.990000000000000000e+03 1.011094194483117131e-01
4.000000000000000000e+03 9.973286094288159875e-02
4.010000000000000000e+03 9.837047325064651737e-02
4.020000000000000000e+03 9.702440875394834074e-02
4.030000000000000000e+03 9.569715943053573592e-02
4.040000000000000000e+03 9.439157186226133922e-02
4.050000000000000000e+03 9.311077197632659785e-02
4.060000000000000000e+03 9.185801106201940680e-02
4.070000000000000000e+03 9.063646692874569033e-02
4.080000000000000000e+03 8.944904313857467149e-02
4.090000000000000000e+03 8.829821047672707646e-02
4.100000000000000000e+03 8.718592847292608305e-02
4.110000000000000000e+03 8.611366393667942154e-02
4.120000000000000000e+03 8.508248982671637317e-02
4.130000000000000000e+03 8.409322087257281586e-02
4.140000000000000000e+03 8.314653070777926203e-02
4.150000000000000000e+03 8.224299727724111719e-02
4.160000000000000000e+03 8.138304417398047053e-02
4.170000000000000000e+03 8.056678200452926930e-02
4.180000000000000000e+03 7.979379518318646669e-02
4.190000000000000000e+03 7.906294389999023176e-02
4.200000000000000000e+03 7.837225591106775080e-02
4.210000000000000000e+03 7.771896612696882478e-02
4.220000000000000000e+03 7.709971976943343075e-02
4.230000000000000000e+03 7.651090037396948706e-02
4.240000000000000000e+03 7.594900456067350814e-02
4.250000000000000000e+03 7.541096748697653784e-02
4.260000000000000000e+03 7.489435435875897717e-02
4.270000000000000000e+03 7.439736860053933198e-02
4.280000000000000000e+03 7.391868069154713949e-02
4.290000000000000000e+03 7.345713639236078896e-02
4.300000000000000000e+03 7.301144178251990635e-02
4.310000000000000000e+03 7.257991650322291599e-02
4.320000000000000000e+03 7.216038577187819381e-02
4.330000000000000000e+03 7.175023608159530886e-02
4.340000000000000000e+03 7.134660490150261658e-02
4.350000000000000000e+03 7.094663029474002069e-02
4.360000000000000000e+03 7.054767302995081091e-02
4.370000000000000000e+03 7.014744888572525816e-02
4.380000000000000000e+03 6.974404809458173427e-02
4.390000000000000000e+03 6.933586460634610926e-02
4.400000000000000000e+03 6.892149325545174343e-02
4.410000000000000000e+03 6.849966350853034514e-02
4.420000000000000000e+03 6.806925723161411090e-02
4.430000000000000000e+03 6.762940968611449999e-02
4.440000000000000000e+03 6.717965507514045420e-02
4.450000000000000000e+03 6.672004629852745783e-02
4.460000000000000000e+03 6.625117081810091846e-02
4.470000000000000000e+03 6.577401987219774759e-02
4.480000000000000000e+03 6.528972280534693640e-02
4.490000000000000000e+03 6.479920780903911104e-02
4.500000000000000000e+03 6.430288576692755331e-02
4.510000000000000000e+03 6.380045155824669301e-02
4.520000000000000000e+03 6.329086379190120015e-02
4.530000000000000000e+03 6.277251011230305933e-02
4.540000000000000000e+03 6.224351598032546590e-02
4.550000000000000000e+03 6.170211456203977124e-02
4.560000000000000000e+03 6.114699077047952569e-02
4.570000000000000000e+03 6.057753083582510106e-02
4.580000000000000000e+03 5.999393757682276729e-02
4.590000000000000000e+03 5.939720901777533618e-02
4.600000000000000000e+03 5.878900886265812920e-02
4.610000000000000000e+03 5.817146980888553143e-02
4.620000000000000000e+03 5.754696368817423247e-02
4.630000000000000000e+03 5.691786135223251414e-02
4.640000000000000000e+03 5.628629330413528059e-02
4.650000000000000000e+03 5.565393301646787139e-02
4.660000000000000000e+03 5.502183574997987492e-02
4.670000000000000000e+03 5.439037001208309879e-02
4.680000000000000000e+03 5.375928204960301465e-02
4.690000000000000000e+03 5.312791524151171813e-02
4.700000000000000000e+03 5.249555372786617047e-02
4.710000000000000000e+03 5.186180503483325821e-02
4.720000000000000000e+03 5.122690611686528395e-02
4.730000000000000000e+03 5.059184166856191267e-02
4.740000000000000000e+03 4.995820395423510030e-02
4.750000000000000000e+03 4.932779609399503412e-02
4.760000000000000000e+03 4.870207920551460068e-02
4.770000000000000000e+03 4.808162532657170307e-02
4.780000000000000000e+03 4.746574625182531371e-02
4.790000000000000000e+03 4.685243101637934920e-02
4.800000000000000000e+03 4.623863536414189040e-02
4.810000000000000000e+03 4.562085881803336351e-02
4.820000000000000000e+03 4.499585455644473236e-02
4.830000000000000000e+03 4.436128093102781333e-02
4.840000000000000000e+03 4.371612489990528427e-02
4.850000000000000000e+03 4.306079897743255586e-02
4.860000000000000000e+03 4.239691974584861717e-02
4.870000000000000000e+03 4.172686875395261591e-02
4.880000000000000000e+03 4.105327927564954987e-02
4.890000000000000000e+03 4.037858572684747266e-02
4.900000000000000000e+03 3.970472715269365849e-02
4.910000000000000000e+03 3.903303065999474269e-02
4.920000000000000000e+03 3.836424445302889785e-02
4.930000000000000000e+03 3.769865245567764062e-02
4.940000000000000000e+03 3.703620048755593835e-02
4.950000000000000000e+03 3.637660202254359293e-02
4.960000000000000000e+03 3.571942598570545385e-02
4.970000000000000000e+03 3.506419594194384870e-02
4.980000000000000000e+03 3.441053157283516239e-02
4.990000000000000000e+03 3.375833446764733153e-02
5.000000000000000000e+03 3.310798489082956292e-02
5.010000000000000000e+03 3.246049090204641829e-02
5.020000000000000000e+03 3.181753173935682882e-02
5.030000000000000000e+03 3.118136134849822799e-02
5.040000000000000000e+03 3.055459006783996234e-02
5.050000000000000000e+03 2.993991221472174294e-02
5.060000000000000000e+03 2.933986138326112256e-02
5.070000000000000000e+03 2.875665476682955080e-02
5.080000000000000000e+03 2.819214363506442403e-02
5.090000000000000000e+03 2.764783509922206714e-02
5.100000000000000000e+03 2.712491831430266509e-02
5.110000000000000000e+03 2.662423683153068363e-02
5.120000000000000000e+03 2.614619163010839867e-02
5.130000000000000000e+03 2.569061388857363237e-02
5.140000000000000000e+03 2.525668825065799372e-02
5.150000000000000000e+03 2.484301498149307091e-02
5.160000000000000000e+03 2.444785988502422985e-02
5.170000000000000000e+03 2.406956530575847519e-02
5.180000000000000000e+03 2.370701418973226657e-02
5.190000000000000000e+03 2.335998751762126055e-02
5.200000000000000000e+03 2.302925887327971280e-02
5.210000000000000000e+03 2.271635176491779845e-02
5.220000000000000000e+03 2.242300478796776728e-02
5.230000000000000000e+03 2.215050600161461505e-02
5.240000000000000000e+03 2.189912338988630330e-02
5.250000000000000000e+03 2.166783738172624665e-02
5.260000000000000000e+03 2.145448099088550706e-02
5.270000000000000000e+03 2.125625275793957547e-02
5.280000000000000000e+03 2.107043861485717248e-02
5.290000000000000000e+03 2.089510572490030013e-02
5.300000000000000000e+03 2.072953860476918139e-02
5.310000000000000000e+03 2.057428468474426647e-02
5.320000000000000000e+03 2.043081481550924200e-02
5.330000000000000000e+03 2.030093491913984721e-02
5.340000000000000000e+03 2.018615315901371721e-02
5.350000000000000000e+03 2.008720154204052949e-02
5.360000000000000000e+03 2.000384018313959913e-02
5.370000000000000000e+03 1.993496654005930471e-02
5.380000000000000000e+03 1.987896378386588142e-02
5.390000000000000000e+03 1.983415850665630475e-02
5.400000000000000000e+03 1.979923704349122182e-02
5.410000000000000000e+03 1.977349665110572294e-02
5.420000000000000000e+03 1.975686660748642715e-02
5.430000000000000000e+03 1.974971571591828748e-02
5.440000000000000000e+03 1.975252440833212553e-02
5.450000000000000000e+03 1.976552761373272932e-02
5.460000000000000000e+03 1.978842821529381776e-02
5.470000000000000000e+03 1.982024747510827134e-02
5.480000000000000000e+03 1.985932927027594247e-02
5.490000000000000000e+03 1.990346703755258365e-02
5.500000000000000000e+03 1.995010483815248814e-02
5.510000000000000000e+03 1.999656651604244523e-02
5.520000000000000000e+03 2.004028473280394101e-02
5.530000000000000000e+03 2.007903710764662175e-02
5.540000000000000000e+03 2.011120108009770147e-02
5.550000000000000000e+03 2.013600923001495485e-02
5.560000000000000000e+03 2.015374874511658559e-02
5.570000000000000000e+03 2.016580998404940081e-02
5.580000000000000000e+03 2.017448545366899021e-02
5.590000000000000000e+03 2.018247203099642756e-02
5.600000000000000000e+03 2.019213715592254460e-02
5.610000000000000000e+03 2.020472355470159104e-02
5.620000000000000000e+03 2.021972690504940037e-02
5.630000000000000000e+03 2.023467219169387474e-02
5.640000000000000000e+03 2.024542136904499204e-02
5.650000000000000000e+03 2.024698209156525555e-02
5.660000000000000000e+03 2.023462174860063412e-02
5.670000000000000000e+03 2.020497717201845747e-02
5.680000000000000000e+03 2.015684308849473999e-02
5.690000000000000000e+03 2.009140932000713989e-02
5.700000000000000000e+03 2.001188096674261577e-02
5.710000000000000000e+03 1.992259235503276299e-02
5.720000000000000000e+03 1.982786051518665646e-02
5.730000000000000000e+03 1.973088491021791208e-02
5.740000000000000000e+03 1.963297389650953129e-02
5.750000000000000000e+03 1.953329153621678749e-02
5.760000000000000000e+03 1.942915526563566975e-02
5.770000000000000000e+03 1.931678856082595999e-02
5.780000000000000000e+03 1.919234358160751622e-02
5.790000000000000000e+03 1.905293320809986826e-02
5.800000000000000000e+03 1.889740688489364648e-02
5.810000000000000000e+03 1.872669520377109181e-02
5.820000000000000000e+03 1.854363913124228158e-02
5.830000000000000000e+03 1.835233110664317296e-02
5.840000000000000000e+03 1.815713471600337650e-02
5.850000000000000000e+03 1.796163977442056039e-02
5.860000000000000000e+03 1.776783004759536350e-02
5.870000000000000000e+03 1.757571631049580432e-02
5.880000000000000000e+03 1.738355378576242338e-02
5.890000000000000000e+03 1.718856637840741886e-02
5.900000000000000000e+03 1.698795183650998047e-02
5.910000000000000000e+03 1.677982432767586435e-02
5.920000000000000000e+03 1.656381251233947013e-02
5.930000000000000000e+03 1.634116020024840507e-02
5.940000000000000000e+03 1.611436793472367443e-02
5.950000000000000000e+03 1.588660521465630818e-02
5.960000000000000000e+03 1.566113322692827547e-02
5.970000000000000000e+03 1.544089936870821078e-02
5.980000000000000000e+03 1.522829411969706462e-02
5.990000000000000000e+03 1.502497918761738771e-02
6.000000000000000000e+03 1.483174224757650463e-02
6.010000000000000000e+03 1.464831471875382984e-02
6.020000000000000000e+03 1.447325666235157147e-02
6.030000000000000000e+03 1.430410991001788285e-02
6.040000000000000000e+03 1.413787858052046632e-02
6.050000000000000000e+03 1.397179199109019505e-02
6.060000000000000000e+03 1.380410003746430046e-02
6.070000000000000000e+03 1.363458778956737512e-02
6.080000000000000000e+03 1.346449657182595232e-02
6.090000000000000000e+03 1.329597267762423242e-02
6.100000000000000000e+03 1.313108993383857968e-02
6.110000000000000000e+03 1.297104410884340753e-02
6.120000000000000000e+03 1.281586484542367177e-02
6.130000000000000000e+03 1.266461646371909444e-02
6.140000000000000000e+03 1.251634787101293077e-02
6.150000000000000000e+03 1.237100238610380244e-02
6.160000000000000000e+03 1.222970534917908539e-02
6.170000000000000000e+03 1.209461822473267487e-02
6.180000000000000000e+03 1.196824721114014833e-02
6.190000000000000000e+03 1.185250499065056487e-02
6.200000000000000000e+03 1.174793691001087964e-02
6.210000000000000000e+03 1.165348771439260120e-02
6.220000000000000000e+03 1.156688609561616794e-02
6.230000000000000000e+03 1.148544361263224151e-02
6.240000000000000000e+03 1.140672185762935803e-02
6.250000000000000000e+03 1.132922118877233153e-02
6.260000000000000000e+03 1.125252367386949705e-02
6.270000000000000000e+03 1.117688494552445018e-02
6.280000000000000000e+03 1.110274822299723609e-02
6.290000000000000000e+03 1.103058586061852336e-02
6.300000000000000000e+03 1.096102379860035628e-02
6.310000000000000000e+03 1.089508837078727657e-02
6.320000000000000000e+03 1.083428995520707705e-02
6.330000000000000000e+03 1.078037289706720858e-02
6.340000000000000000e+03 1.073459118952062828e-02
6.350000000000000000e+03 1.069727323705971754e-02
6.360000000000000000e+03 1.066751732677653254e-02
6.370000000000000000e+03 1.064346305124951909e-02
6.380000000000000000e+03 1.062289395382152134e-02
6.390000000000000000e+03 1.060419522667214662e-02
6.400000000000000000e+03 1.058700556038013468e-02
6.410000000000000000e+03 1.057243215415999520e-02
6.420000000000000000e+03 1.056259598153865865e-02
6.430000000000000000e+03 1.055978346552464107e-02
6.440000000000000000e+03 1.056542716534180325e-02
6.450000000000000000e+03 1.057960276704575375e-02
6.460000000000000000e+03 1.060103016274228926e-02
6.470000000000000000e+03 1.062762460777535653e-02
6.480000000000000000e+03 1.065730370204952086e-02
6.490000000000000000e+03 1.068888729300055025e-02
6.500000000000000000e+03 1.072272860872753274e-02
6.510000000000000000e+03 1.076076024337385521e-02
6.520000000000000000e+03 1.080619066863268071e-02
6.530000000000000000e+03 1.086275988006220501e-02
6.540000000000000000e+03 1.093401361822458374e-02
6.550000000000000000e+03 1.102219212097666802e-02
6.560000000000000000e+03 1.112748776654378692e-02
6.570000000000000000e+03 1.124709099226540651e-02
6.580000000000000000e+03 1.137436555563162491e-02
6.590000000000000000e+03 1.149946353406928849e-02
6.600000000000000000e+03 1.161057228563390324e-02
6.610000000000000000e+03 1.169619874573881411e-02
6.620000000000000000e+03 1.174933334577776128e-02
6.630000000000000000e+03 1.176853163580422398e-02
6.640000000000000000e+03 1.175921970713513474e-02
6.650000000000000000e+03 1.173284807464308396e-02
6.660000000000000000e+03 1.170413730564233597e-02
6.670000000000000000e+03 1.168470264292264388e-02
6.680000000000000000e+03 1.168266427920909740e-02
6.690000000000000000e+03 1.170034799753656360e-02
6.700000000000000000e+03 1.173474901762637870e-02
6.710000000000000000e+03 1.178010859549338124e-02
6.720000000000000000e+03 1.183109653840183281e-02
6.730000000000000000e+03 1.188444856584938703e-02
6.740000000000000000e+03 1.193956545865256652e-02
6.750000000000000000e+03 1.199855447298618996e-02
6.760000000000000000e+03 1.206364116919033357e-02
6.770000000000000000e+03 1.213514763982164249e-02
6.780000000000000000e+03 1.220889503360362421e-02
6.790000000000000000e+03 1.227742748457261342e-02
6.800000000000000000e+03 1.233147198248073402e-02
6.810000000000000000e+03 1.236605776832974679e-02
6.820000000000000000e+03 1.237706241944835223e-02
6.830000000000000000e+03 1.236781662462966419e-02
6.840000000000000000e+03 1.234635226195875818e-02
6.850000000000000000e+03 1.232131657442901360e-02
6.860000000000000000e+03 1.230166504170551907e-02
6.870000000000000000e+03 1.229233505180357504e-02
6.880000000000000000e+03 1.229246258736745381e-02
6.890000000000000000e+03 1.229632041557322635e-02
6.900000000000000000e+03 1.229608796859387593e-02
6.910000000000000000e+03 1.228408196888652881e-02
6.920000000000000000e+03 1.225283360946023692e-02
6.930000000000000000e+03 1.219998543902611754e-02
6.940000000000000000e+03 1.212731352396742741e-02
6.950000000000000000e+03 1.204177966703137703e-02
6.960000000000000000e+03 1.195300223670657698e-02
6.970000000000000000e+03 1.187128684331699435e-02
6.980000000000000000e+03 1.180463397754772173e-02
6.990000000000000000e+03 1.175834029964763217e-02
7.000000000000000000e+03 1.173251645098645143e-02
7.010000000000000000e+03 1.172253668768013721e-02
7.020000000000000000e+03 1.172158950545739223e-02
7.030000000000000000e+03 1.172228175212993752e-02
7.040000000000000000e+03 1.171963465729606267e-02
7.050000000000000000e+03 1.171350086551113147e-02
7.060000000000000000e+03 1.170701242968451641e-02
7.070000000000000000e+03 1.170762610093308877e-02
7.080000000000000000e+03 1.172092616009826060e-02
7.090000000000000000e+03 1.174975815461828943e-02
7.100000000000000000e+03 1.179182351947420833e-02
7.110000000000000000e+03 1.183789631264113053e-02
7.120000000000000000e+03 1.187590561010011536e-02
7.130000000000000000e+03 1.189427401274824325e-02
7.140000000000000000e+03 1.188458182596838220e-02
7.150000000000000000e+03 1.184678458508355535e-02
7.160000000000000000e+03 1.178896900943382509e-02
7.170000000000000000e+03 1.172494406842287083e-02
7.180000000000000000e+03 1.167031044413188723e-02
7.190000000000000000e+03 1.163554999416035324e-02
7.200000000000000000e+03 1.162327223511140997e-02
7.210000000000000000e+03 1.162628034400886058e-02
7.220000000000000000e+03 1.163183656952441851e-02
7.230000000000000000e+03 1.162546587042642167e-02
7.240000000000000000e+03 1.159874414975202613e-02
7.250000000000000000e+03 1.155240837621468453e-02
7.260000000000000000e+03 1.149563341570180273e-02
7.270000000000000000e+03 1.144252709949151320e-02
7.280000000000000000e+03 1.140561099079480042e-02
7.290000000000000000e+03 1.139024866343514922e-02
7.300000000000000000e+03 1.139048562717159298e-02
7.310000000000000000e+03 1.139236772527250571e-02
7.320000000000000000e+03 1.137845171749065146e-02
7.330000000000000000e+03 1.133695455577222663e-02
7.340000000000000000e+03 1.126835414213886097e-02
7.350000000000000000e+03 1.118614308864355512e-02
7.360000000000000000e+03 1.111240757092020644e-02
7.370000000000000000e+03 1.106953707428552300e-02
7.380000000000000000e+03 1.106959486785889270e-02
7.390000000000000000e+03 1.111029047017819335e-02
7.400000000000000000e+03 1.117194444209415952e-02
7.410000000000000000e+03 1.122828927855528715e-02
7.420000000000000000e+03 1.125196682915295156e-02
7.430000000000000000e+03 1.122763392803480774e-02
7.440000000000000000e+03 1.115567294115464743e-02
7.450000000000000000e+03 1.105196713694816917e-02
7.460000000000000000e+03 1.094441994936954515e-02
7.470000000000000000e+03 1.086072002649266302e-02
7.480000000000000000e+03 1.081948281108430915e-02
7.490000000000000000e+03 1.082681087489942816e-02
7.500000000000000000e+03 1.087156055880572625e-02
7.510000000000000000e+03 1.093175796841635607e-02
7.520000000000000000e+03 1.098240929708889715e-02
7.530000000000000000e+03 1.100390645962105902e-02
7.540000000000000000e+03 1.098826889531823343e-02
7.550000000000000000e+03 1.094111335240787602e-02
7.560000000000000000e+03 1.087863780857416945e-02
7.570000000000000000e+03 1.081979630414514788e-02
7.580000000000000000e+03 1.078134213822140586e-02
7.590000000000000000e+03 1.077046286767330101e-02
7.600000000000000000e+03 1.078322993389182506e-02
7.610000000000000000e+03 1.080718533190636217e-02
7.620000000000000000e+03 1.082734867143032159e-02
7.630000000000000000e+03 1.083088678080252297e-02
7.640000000000000000e+03 1.081452693201237492e-02
7.650000000000000000e+03 1.078280673697650134e-02
7.660000000000000000e+03 1.074828195866529140e-02
7.670000000000000000e+03 1.072546765209330191e-02
7.680000000000000000e+03 1.072493729663968887e-02
7.690000000000000000e+03 1.074976428273062903e-02
7.700000000000000000e+03 1.079438118839676566e-02
7.710000000000000000e+03 1.084733992256910542e-02
7.720000000000000000e+03 1.089192929773567624e-02
7.730000000000000000e+03 1.091707493621024011e-02
7.740000000000000000e+03 1.091716751225812673e-02
7.750000000000000000e+03 1.089498831370204132e-02
7.760000000000000000e+03 1.086016639331880036e-02
7.770000000000000000e+03 1.082431341265388362e-02
7.780000000000000000e+03 1.079984821363739675e-02
7.790000000000000000e+03 1.079337151491764450e-02
7.800000000000000000e+03 1.080593494447073047e-02
7.810000000000000000e+03 1.083356260658173247e-02
7.820000000000000000e+03 1.086830521953363431e-02
7.830000000000000000e+03 1.090218217487349227e-02
7.840000000000000000e+03 1.093052467185349520e-02
7.850000000000000000e+03 1.095257821735510020e-02
7.860000000000000000e+03 1.097094756015584704e-02
7.870000000000000000e+03 1.099008600462640130e-02
7.880000000000000000e+03 1.101496624221201710e-02
7.890000000000000000e+03 1.104736406980760810e-02
7.900000000000000000e+03 1.108625768938824828e-02
7.910000000000000000e+03 1.112696510902001605e-02
7.920000000000000000e+03 1.116217215279983500e-02
7.930000000000000000e+03 1.118618172465844426e-02
7.940000000000000000e+03 1.119601034154979469e-02
7.950000000000000000e+03 1.119309978967326577e-02
7.960000000000000000e+03 1.118281422787176585e-02
7.970000000000000000e+03 1.117539197518368707e-02
7.980000000000000000e+03 1.117958950925949414e-02
7.990000000000000000e+03 1.120157734317427968e-02
8.000000000000000000e+03 1.124166171850392477e-02
8.010000000000000000e+03 1.129390806725427167e-02
8.020000000000000000e+03 1.134537420071748785e-02
8.030000000000000000e+03 1.138358405861875609e-02
8.040000000000000000e+03 1.139633759365763291e-02
8.050000000000000000e+03 1.137801632426787418e-02
8.060000000000000000e+03 1.133174954214426385e-02
8.070000000000000000e+03 1.127015933811827651e-02
8.080000000000000000e+03 1.121027297126362364e-02
8.090000000000000000e+03 1.116981320460372004e-02
8.100000000000000000e+03 1.116096066486126255e-02
8.110000000000000000e+03 1.118581325133868182e-02
8.120000000000000000e+03 1.123606212026075080e-02
8.130000000000000000e+03 1.129504245032508097e-02
8.140000000000000000e+03 1.134508670023593249e-02
8.150000000000000000e+03 1.136987760214775225e-02
8.160000000000000000e+03 1.136238712413239690e-02
8.170000000000000000e+03 1.132584225734760766e-02
8.180000000000000000e+03 1.127334752671110135e-02
8.190000000000000000e+03 1.122199956605592595e-02
8.200000000000000000e+03 1.118645461236707911e-02
8.210000000000000000e+03 1.117343293621708873e-02
8.220000000000000000e+03 1.118109640841722166e-02
8.230000000000000000e+03 1.119773293303340418e-02
8.240000000000000000e+03 1.121137306191570711e-02
8.250000000000000000e+03 1.120997060347318428e-02
8.260000000000000000e+03 1.118834403170285152e-02
8.270000000000000000e+03 1.114931306364958657e-02
8.280000000000000000e+03 1.110191613025449456e-02
8.290000000000000000e+03 1.105610246686885602e-02
8.300000000000000000e+03 1.102284590343377731e-02
8.310000000000000000e+03 1.100705793210496677e-02
8.320000000000000000e+03 1.100906214311927166e-02
8.330000000000000000e+03 1.102477374531623221e-02
8.340000000000000000e+03 1.104739817984810336e-02
8.350000000000000000e+03 1.106915676900181202e-02
8.360000000000000000e+03 1.108469235258534129e-02
8.370000000000000000e+03 1.108944167454624895e-02
8.380000000000000000e+03 1.108251926427684594e-02
8.390000000000000000e+03 1.106555876678913010e-02
8.400000000000000000e+03 1.104198665766038985e-02
8.410000000000000000e+03 1.101809298682248153e-02
8.420000000000000000e+03 1.100029710751842388e-02
8.430000000000000000e+03 1.099307597281922594e-02
8.440000000000000000e+03 1.099965468931550679e-02
8.450000000000000000e+03 1.101928032614574691e-02
8.460000000000000000e+03 1.104803807406611049e-02
8.470000000000000000e+03 1.107937232972628847e-02
8.480000000000000000e+03 1.110631137336520920e-02
8.490000000000000000e+03 1.112371445094979643e-02
8.500000000000000000e+03 1.112885137880026062e-02
8.510000000000000000e+03 1.112260836179884867e-02
8.520000000000000000e+03 1.110947948424737333e-02
8.530000000000000000e+03 1.109483164547275282e-02
8.540000000000000000e+03 1.108434177299537013e-02
8.550000000000000000e+03 1.108154158531321661e-02
8.560000000000000000e+03 1.108699027694577677e-02
8.570000000000000000e+03 1.109937775362235257e-02
8.580000000000000000e+03 1.111546118340596932e-02
8.590000000000000000e+03 1.113308694327255592e-02
8.600000000000000000e+03 1.115017867739175397e-02
8.610000000000000000e+03 1.116668785340899951e-02
8.620000000000000000e+03 1.118362632643250636e-02
8.630000000000000000e+03 1.120057656197587410e-02
8.640000000000000000e+03 1.121577756915580898e-02
8.650000000000000000e+03 1.122543224112884479e-02
8.660000000000000000e+03 1.122537869905049397e-02
8.670000000000000000e+03 1.121342823580809452e-02
8.680000000000000000e+03 1.119208192591123092e-02
8.690000000000000000e+03 1.116685902099071558e-02
8.700000000000000000e+03 1.114700893640196804e-02
8.710000000000000000e+03 1.114110045436367789e-02
8.720000000000000000e+03 1.115466870660779958e-02
8.730000000000000000e+03 1.118708514692952696e-02
8.740000000000000000e+03 1.123111704481636990e-02
8.750000000000000000e+03 1.127519754465553317e-02
8.760000000000000000e+03 1.130791340548858472e-02
8.770000000000000000e+03 1.132119888144231430e-02
8.780000000000000000e+03 1.131448419211954562e-02
8.790000000000000000e+03 1.129486449219676419e-02
8.800000000000000000e+03 1.127252395807358532e-02
8.810000000000000000e+03 1.125986394071674945e-02
8.820000000000000000e+03 1.126567248497630826e-02
8.830000000000000000e+03 1.129100026776102411e-02
8.840000000000000000e+03 1.133067397106200455e-02
8.850000000000000000e+03 1.137350644271597870e-02
8.860000000000000000e+03 1.140706861174486074e-02
8.870000000000000000e+03 1.142142644675631265e-02
8.880000000000000000e+03 1.141299087839857222e-02
8.890000000000000000e+03 1.138607787514537770e-02
8.900000000000000000e+03 1.135094029263248802e-02
8.910000000000000000e+03 1.132136243460593085e-02
8.920000000000000000e+03 1.130839691382991112e-02
8.930000000000000000e+03 1.131845031298412026e-02
8.940000000000000000e+03 1.134979964130449978e-02
8.950000000000000000e+03 1.139391653630367728e-02
8.960000000000000000e+03 1.143824031356360099e-02
8.970000000000000000e+03 1.147056350325149562e-02
8.980000000000000000e+03 1.148269044142360626e-02
8.990000000000000000e+03 1.147274964764739662e-02
9.000000000000000000e+03 1.144476980258125540e-02
9.010000000000000000e+03 1.140802476795593767e-02
9.020000000000000000e+03 1.137226737965641062e-02
9.030000000000000000e+03 1.134540318263631276e-02
9.040000000000000000e+03 1.133061792610831793e-02
9.050000000000000000e+03 1.132656256054507746e-02
9.060000000000000000e+03 1.132829199238108604e-02
9.070000000000000000e+03 1.132883848400135021e-02
9.080000000000000000e+03 1.132219032082922884e-02
9.090000000000000000e+03 1.130478660694179786e-02
9.100000000000000000e+03 1.127637354693036831e-02
9.110000000000000000e+03 1.123985963636652159e-02
9.120000000000000000e+03 1.120004289755402276e-02
9.130000000000000000e+03 1.116159529780097297e-02
9.140000000000000000e+03 1.112780934062906554e-02
9.150000000000000000e+03 1.110004579490683589e-02
9.160000000000000000e+03 1.107825467993555670e-02
9.170000000000000000e+03 1.105959458904584927e-02
9.180000000000000000e+03 1.104140188830880775e-02
9.190000000000000000e+03 1.102018747734614425e-02
9.200000000000000000e+03 1.099323326713021534e-02
9.210000000000000000e+03 1.095925568685339122e-02
9.220000000000000000e+03 1.091843166426074985e-02
9.230000000000000000e+03 1.087302450840308375e-02
9.240000000000000000e+03 1.082634583576491324e-02
9.250000000000000000e+03 1.078206262101557948e-02
9.260000000000000000e+03 1.074405995818352236e-02
9.270000000000000000e+03 1.071380850978182961e-02
9.280000000000000000e+03 1.069170509406281756e-02
9.290000000000000000e+03 1.067461399759396003e-02
9.300000000000000000e+03 1.065843757183550407e-02
9.310000000000000000e+03 1.063876779545542932e-02
9.320000000000000000e+03 1.061287558348239166e-02
9.330000000000000000e+03 1.058000861180376229e-02
9.340000000000000000e+03 1.054287234179075022e-02
9.350000000000000000e+03 1.050726867238750001e-02
9.360000000000000000e+03 1.047925151101491981e-02
9.370000000000000000e+03 1.046432721342751768e-02
9.380000000000000000e+03 1.046406925170602006e-02
9.390000000000000000e+03 1.047591484419240979e-02
9.400000000000000000e+03 1.049321570068831311e-02
9.410000000000000000e+03 1.050700244513879007e-02
9.420000000000000000e+03 1.050862838579150541e-02
9.430000000000000000e+03 1.049373562903846598e-02
9.440000000000000000e+03 1.046345222277552701e-02
9.450000000000000000e+03 1.042481218158904446e-02
9.460000000000000000e+03 1.038796754231740074e-02
9.470000000000000000e+03 1.036427978199211224e-02
9.480000000000000000e+03 1.036180545276416641e-02
9.490000000000000000e+03 1.038304517399368278e-02
9.500000000000000000e+03 1.042362036372412350e-02
9.510000000000000000e+03 1.047401803476651246e-02
9.520000000000000000e+03 1.052218614789685903e-02
9.530000000000000000e+03 1.055722617992261789e-02
9.540000000000000000e+03 1.057283011309607598e-02
9.550000000000000000e+03 1.056843940216647439e-02
9.560000000000000000e+03 1.054943135028959221e-02
9.570000000000000000e+03 1.052505349726634565e-02
9.580000000000000000e+03 1.050604496347865360e-02
9.590000000000000000e+03 1.050111408641248023e-02
9.600000000000000000e+03 1.051544911926349975e-02
9.610000000000000000e+03 1.054835636110112128e-02
9.620000000000000000e+03 1.059489632945212652e-02
9.630000000000000000e+03 1.064705750309361161e-02
9.640000000000000000e+03 1.069607915909553258e-02
9.650000000000000000e+03 1.073432251806675369e-02
9.660000000000000000e+03 1.075793497440075998e-02
9.670000000000000000e+03 1.076781915266175962e-02
9.680000000000000000e+03 1.076947674203560835e-02
9.690000000000000000e+03 1.076997004084243904e-02
9.700000000000000000e+03 1.077625964773375709e-02
9.710000000000000000e+03 1.079237313706861781e-02
9.720000000000000000e+03 1.081775188035596046e-02
9.730000000000000000e+03 1.084667788502828405e-02
9.740000000000000000e+03 1.087347250926112840e-02
9.750000000000000000e+03 1.089242538755705834e-02
9.760000000000000000e+03 1.090186650071080406e-02
9.770000000000000000e+03 1.090299074695652397e-02
9.780000000000000000e+03 1.090188746209298266e-02
9.790000000000000000e+03 1.090530185610202353e-02
9.800000000000000000e+03 1.091728566051432432e-02
9.810000000000000000e+03 1.093812439648206465e-02
9.820000000000000000e+03 1.096262771913297449e-02
9.830000000000000000e+03 1.098351031838061716e-02
9.840000000000000000e+03 1.099240417202222014e-02
9.850000000000000000e+03 1.098537075474093593e-02
9.860000000000000000e+03 1.096435139868539958e-02
9.870000000000000000e+03 1.093489629207359051e-02
9.880000000000000000e+03 1.090902707067489298e-02
9.890000000000000000e+03 1.089633849780719844e-02
9.900000000000000000e+03 1.090391892342548394e-02
9.910000000000000000e+03 1.093254843544569192e-02
9.920000000000000000e+03 1.097698567842289932e-02
9.930000000000000000e+03 1.102740949723472405e-02
9.940000000000000000e+03 1.107314807260584982e-02
9.950000000000000000e+03 1.110653525665341278e-02
9.960000000000000000e+03 1.112518265094882171e-02
9.970000000000000000e+03 1.113225876447382530e-02
9.980000000000000000e+03 1.113562857103424231e-02
9.990000000000000000e+03 1.114344159357687908e-02
1.000000000000000000e+04 1.116254725835806073e-02
