Time	Population
0.000000000000000000e+00 4.117307735581314798e-01
1.000000000000000000e+01 4.114647467753985155e-01
2.000000000000000000e+01 4.106683078425427680e-01
3.000000000000000000e+01 4.093483584371589989e-01
4.000000000000000000e+01 4.075160107650794283e-01
5.000000000000000000e+01 4.051865424554344508e-01
6.000000000000000000e+01 4.023794970260158310e-01
7.000000000000000000e+01 3.991187967925260982e-01
8.000000000000000000e+01 3.954327715121556119e-01
9.000000000000000000e+01 3.913540776990496739e-01
1.000000000000000000e+02 3.869194997178210249e-01
1.100000000000000000e+02 3.821696402457894770e-01
1.200000000000000000e+02 3.771485129870497666e-01
1.300000000000000000e+02 3.719030571517907280e-01
1.400000000000000000e+02 3.664825942216358157e-01
1.500000000000000000e+02 3.609382307121981048e-01
1.600000000000000000e+02 3.553222410368869766e-01
1.700000000000000000e+02 3.496874170486528044e-01
1.800000000000000000e+02 3.440864018069606511e-01
1.900000000000000000e+02 3.385710138687378357e-01
2.000000000000000000e+02 3.331915596538176927e-01
2.100000000000000000e+02 3.279961517632402623e-01
2.200000000000000000e+02 3.230300420339107803e-01
2.300000000000000000e+02 3.183349702552173976e-01
2.400000000000000000e+02 3.139485430912430375e-01
2.500000000000000000e+02 3.099036653243816275e-01
2.600000000000000000e+02 3.062280218602388970e-01
2.700000000000000000e+02 3.029436437133654070e-01
2.800000000000000000e+02 3.000665274949314565e-01
2.900000000000000000e+02 2.976063677363519067e-01
3.000000000000000000e+02 2.955663924093145378e-01
3.100000000000000000e+02 2.939433200884767894e-01
3.200000000000000000e+02 2.927274342161235166e-01
3.300000000000000000e+02 2.919028080025041771e-01
3.400000000000000000e+02 2.914476742296995826e-01
3.500000000000000000e+02 2.913349109211326726e-01
3.600000000000000000e+02 2.915326788998573448e-01
3.700000000000000000e+02 2.920051763942347889e-01
3.800000000000000000e+02 2.927134919644805433e-01
3.900000000000000000e+02 2.936165303818779604e-01
4.000000000000000000e+02 2.946719812096790236e-01
4.100000000000000000e+02 2.958373033968187960e-01
4.200000000000000000e+02 2.970706350720992983e-01
4.300000000000000000e+02 2.983316604172337461e-01
4.400000000000000000e+02 2.995824211954984384e-01
4.500000000000000000e+02 3.007878557723467350e-01
4.600000000000000000e+02 3.019163584942790579e-01
4.700000000000000000e+02 3.029401661627931230e-01
4.800000000000000000e+02 3.038355275625337915e-01
4.900000000000000000e+02 3.045827573677521438e-01
5.000000000000000000e+02 3.051661524070636844e-01
5.100000000000000000e+02 3.055737798365916746e-01
5.200000000000000000e+02 3.057972281746517695e-01
5.300000000000000000e+02 3.058312388231361756e-01
5.400000000000000000e+02 3.056733291680105991e-01
5.500000000000000000e+02 3.053234119933161406e-01
5.600000000000000000e+02 3.047833799535251131e-01
5.700000000000000000e+02 3.040567383340866403e-01
5.800000000000000000e+02 3.031482498474173393e-01
5.900000000000000000e+02 3.020636140196905628e-01
6.000000000000000000e+02 3.008092728149166506e-01
6.100000000000000000e+02 2.993921549025417850e-01
6.200000000000000000e+02 2.978195000330689513e-01
6.300000000000000000e+02 2.960986880904611929e-01
6.400000000000000000e+02 2.942371453774053069e-01
6.500000000000000000e+02 2.922423376003696616e-01
6.600000000000000000e+02 2.901216156081244946e-01
6.700000000000000000e+02 2.878821698079495617e-01
6.800000000000000000e+02 2.855309776326049320e-01
6.900000000000000000e+02 2.830747750463126766e-01
7.000000000000000000e+02 2.805200427021979914e-01
7.100000000000000000e+02 2.778729988937506667e-01
7.200000000000000000e+02 2.751396038800849597e-01
7.300000000000000000e+02 2.723255721832292253e-01
7.400000000000000000e+02 2.694364086425121707e-01
7.500000000000000000e+02 2.664774602306635987e-01
7.600000000000000000e+02 2.634539779830335493e-01
7.700000000000000000e+02 2.603711957691093315e-01
7.800000000000000000e+02 2.572344220373692369e-01
7.900000000000000000e+02 2.540491292502241039e-01
8.000000000000000000e+02 2.508210599198572033e-01
8.100000000000000000e+02 2.475563203763704034e-01
8.200000000000000000e+02 2.442614441192396679e-01
8.300000000000000000e+02 2.409434719444579209e-01
8.400000000000000000e+02 2.376100181846638459e-01
8.500000000000000000e+02 2.342692529494373455e-01
8.600000000000000000e+02 2.309299000807993330e-01
8.700000000000000000e+02 2.276012459917927944e-01
8.800000000000000000e+02 2.242930964924059745e-01
8.900000000000000000e+02 2.210157071834395193e-01
9.000000000000000000e+02 2.177796803615372201e-01
9.100000000000000000e+02 2.145958781865454079e-01
9.200000000000000000e+02 2.114753166106945748e-01
9.300000000000000000e+02 2.084290340888874382e-01
9.400000000000000000e+02 2.054679595104594581e-01
9.500000000000000000e+02 2.026028079752952293e-01
9.600000000000000000e+02 1.998439608415187030e-01
9.700000000000000000e+02 1.972013267853196805e-01
9.800000000000000000e+02 1.946842431784729099e-01
9.900000000000000000e+02 1.923013640856416906e-01
1.000000000000000000e+03 1.900605425092690148e-01
1.010000000000000000e+03 1.879687345029651679e-01
1.020000000000000000e+03 1.860319225160063650e-01
1.030000000000000000e+03 1.842550255198572851e-01
1.040000000000000000e+03 1.826418362366266646e-01
1.050000000000000000e+03 1.811949749129763698e-01
1.060000000000000000e+03 1.799158612135145219e-01
1.070000000000000000e+03 1.788046948110970369e-01
1.080000000000000000e+03 1.778604368652524637e-01
1.090000000000000000e+03 1.770808078566103172e-01
1.100000000000000000e+03 1.764623135225504846e-01
1.110000000000000000e+03 1.760002932848955814e-01
1.120000000000000000e+03 1.756889572799119059e-01
1.130000000000000000e+03 1.755214337912004707e-01
1.140000000000000000e+03 1.754898272099821854e-01
1.150000000000000000e+03 1.755853210296131894e-01
1.160000000000000000e+03 1.757982920531801496e-01
1.170000000000000000e+03 1.761184024133166381e-01
1.180000000000000000e+03 1.765347017743786606e-01
1.190000000000000000e+03 1.770357555770578351e-01
1.200000000000000000e+03 1.776097723602378942e-01
1.210000000000000000e+03 1.782447450043817272e-01
1.220000000000000000e+03 1.789285915466134746e-01
1.230000000000000000e+03 1.796492946234078958e-01
1.240000000000000000e+03 1.803950249670915884e-01
1.250000000000000000e+03 1.811542524526372488e-01
1.260000000000000000e+03 1.819158566180722192e-01
1.270000000000000000e+03 1.826692355034099935e-01
1.280000000000000000e+03 1.834044023821866376e-01
1.290000000000000000e+03 1.841120493012168013e-01
1.300000000000000000e+03 1.847835955976704081e-01
1.310000000000000000e+03 1.854112227416340741e-01
1.320000000000000000e+03 1.859878840604981820e-01
1.330000000000000000e+03 1.865072940984578154e-01
1.340000000000000000e+03 1.869639119159165197e-01
1.350000000000000000e+03 1.873529207216851067e-01
1.360000000000000000e+03 1.876701910162211218e-01
1.370000000000000000e+03 1.879122373977187010e-01
1.380000000000000000e+03 1.880761736915366744e-01
1.390000000000000000e+03 1.881596566069806131e-01
1.400000000000000000e+03 1.881608396534397987e-01
1.410000000000000000e+03 1.880783428043988625e-01
1.420000000000000000e+03 1.879112277075332960e-01
1.430000000000000000e+03 1.876589771287372477e-01
1.440000000000000000e+03 1.873214768532550645e-01
1.450000000000000000e+03 1.868990038783867047e-01
1.460000000000000000e+03 1.863922256851018311e-01
1.470000000000000000e+03 1.858022033914631388e-01
1.480000000000000000e+03 1.851303927719244735e-01
1.490000000000000000e+03 1.843786394391014327e-01
1.500000000000000000e+03 1.835491664704768655e-01
1.510000000000000000e+03 1.826445563381645654e-01
1.520000000000000000e+03 1.816677320304199150e-01
1.530000000000000000e+03 1.806219379626755883e-01
1.540000000000000000e+03 1.795107110227171510e-01
1.550000000000000000e+03 1.783378460419699496e-01
1.560000000000000000e+03 1.771073631504442858e-01
1.570000000000000000e+03 1.758234720635342418e-01
1.580000000000000000e+03 1.744905324491941023e-01
1.590000000000000000e+03 1.731130228143006322e-01
1.600000000000000000e+03 1.716955158707769991e-01
1.610000000000000000e+03 1.702426628503964645e-01
1.620000000000000000e+03 1.687591803386710443e-01
1.630000000000000000e+03 1.672498331743575151e-01
1.640000000000000000e+03 1.657194242931111783e-01
1.650000000000000000e+03 1.641728011112881802e-01
1.660000000000000000e+03 1.626148684066809069e-01
1.670000000000000000e+03 1.610505985400002837e-01
1.680000000000000000e+03 1.594850305257268785e-01
1.690000000000000000e+03 1.579232639484311751e-01
1.700000000000000000e+03 1.563704554056627172e-01
1.710000000000000000e+03 1.548318129101922680e-01
1.720000000000000000e+03 1.533125794498709782e-01
1.730000000000000000e+03 1.518180113714821255e-01
1.740000000000000000e+03 1.503533532396781613e-01
1.750000000000000000e+03 1.489238014582432990e-01
1.760000000000000000e+03 1.475344615270900162e-01
1.770000000000000000e+03 1.461903012575024308e-01
1.780000000000000000e+03 1.448961020509161035e-01
1.790000000000000000e+03 1.436564137778629513e-01
1.800000000000000000e+03 1.424755135373462767e-01
1.810000000000000000e+03 1.413573640669887610e-01
1.820000000000000000e+03 1.403055681670141719e-01
1.830000000000000000e+03 1.393233333535773832e-01
1.840000000000000000e+03 1.384134482386362441e-01
1.850000000000000000e+03 1.375782572683301452e-01
1.860000000000000000e+03 1.368196346752942882e-01
1.870000000000000000e+03 1.361389608418671071e-01
1.880000000000000000e+03 1.355371030674097921e-01
1.890000000000000000e+03 1.350144032064183319e-01
1.900000000000000000e+03 1.345706720939629786e-01
1.910000000000000000e+03 1.342051902144063835e-01
1.920000000000000000e+03 1.339167110680582473e-01
1.930000000000000000e+03 1.337034625956014244e-01
1.940000000000000000e+03 1.335631558064859226e-01
1.950000000000000000e+03 1.334930091952776510e-01
1.960000000000000000e+03 1.334897717837749131e-01
1.970000000000000000e+03 1.335497434872571498e-01
1.980000000000000000e+03 1.336688013733252633e-01
1.990000000000000000e+03 1.338424291313188852e-01
2.000000000000000000e+03 1.340657532949076081e-01
2.010000000000000000e+03 1.343335834044352139e-01
2.020000000000000000e+03 1.346404518534129735e-01
2.030000000000000000e+03 1.349806546140118468e-01
2.040000000000000000e+03 1.353482914306142482e-01
2.050000000000000000e+03 1.357373108236398784e-01
2.060000000000000000e+03 1.361415632733734282e-01
2.070000000000000000e+03 1.365548573295816415e-01
2.080000000000000000e+03 1.369710172539319037e-01
2.090000000000000000e+03 1.373839437566845845e-01
2.100000000000000000e+03 1.377876743747996069e-01
2.110000000000000000e+03 1.381764364317801808e-01
2.120000000000000000e+03 1.385446991759104740e-01
2.130000000000000000e+03 1.388872217986668045e-01
2.140000000000000000e+03 1.391990957263287143e-01
2.150000000000000000e+03 1.394757852910038787e-01
2.160000000000000000e+03 1.397131598532062036e-01
2.170000000000000000e+03 1.399075107723244671e-01
2.180000000000000000e+03 1.400555541593275777e-01
2.190000000000000000e+03 1.401544284686800090e-01
2.200000000000000000e+03 1.402016919354292790e-01
2.210000000000000000e+03 1.401953170975906715e-01
2.220000000000000000e+03 1.401336815000895075e-01
2.230000000000000000e+03 1.400155500761811611e-01
2.240000000000000000e+03 1.398400595904615573e-01
2.250000000000000000e+03 1.396067082189378361e-01
2.260000000000000000e+03 1.393153485322379259e-01
2.270000000000000000e+03 1.389661830382126484e-01
2.280000000000000000e+03 1.385597596392157127e-01
2.290000000000000000e+03 1.380969668765305303e-01
2.300000000000000000e+03 1.375790347222006493e-01
2.310000000000000000e+03 1.370075375736545253e-01
2.320000000000000000e+03 1.363843893861877987e-01
2.330000000000000000e+03 1.357118293178659063e-01
2.340000000000000000e+03 1.349924014184740451e-01
2.350000000000000000e+03 1.342289360156379840e-01
2.360000000000000000e+03 1.334245322078849716e-01
2.370000000000000000e+03 1.325825327416969568e-01
2.380000000000000000e+03 1.317064907623705927e-01
2.390000000000000000e+03 1.308001346031805734e-01
2.400000000000000000e+03 1.298673353332147340e-01
2.410000000000000000e+03 1.289120789609809192e-01
2.420000000000000000e+03 1.279384445026601480e-01
2.430000000000000000e+03 1.269505874720086580e-01
2.440000000000000000e+03 1.259527280633619128e-01
2.450000000000000000e+03 1.249491426113365777e-01
2.460000000000000000e+03 1.239441558488648815e-01
2.470000000000000000e+03 1.229421341961042802e-01
2.480000000000000000e+03 1.219474811709956308e-01
2.490000000000000000e+03 1.209646351135899439e-01
2.500000000000000000e+03 1.199980642828546024e-01
2.510000000000000000e+03 1.190522525831034933e-01
2.520000000000000000e+03 1.181316736398609346e-01
2.530000000000000000e+03 1.172407564375238659e-01
2.540000000000000000e+03 1.163838451495926435e-01
2.550000000000000000e+03 1.155651511079198723e-01
2.560000000000000000e+03 1.147886964105300500e-01
2.570000000000000000e+03 1.140582541681676443e-01
2.580000000000000000e+03 1.133772914151553457e-01
2.590000000000000000e+03 1.127489178422206861e-01
2.600000000000000000e+03 1.121758425982696261e-01
2.610000000000000000e+03 1.116603445599197858e-01
2.620000000000000000e+03 1.112042572908353982e-01
2.630000000000000000e+03 1.108089673943121745e-01
2.640000000000000000e+03 1.104754249387630283e-01
2.650000000000000000e+03 1.102041647268031943e-01
2.660000000000000000e+03 1.099953356423905432e-01
2.670000000000000000e+03 1.098487350903258469e-01
2.680000000000000000e+03 1.097638451609914689e-01
2.690000000000000000e+03 1.097398653839481153e-01
2.700000000000000000e+03 1.097757406025026139e-01
2.710000000000000000e+03 1.098701840715404776e-01
2.720000000000000000e+03 1.100216969095884623e-01
2.730000000000000000e+03 1.102285852535931504e-01
2.740000000000000000e+03 1.104889757652118554e-01
2.750000000000000000e+03 1.108008287411557380e-01
2.760000000000000000e+03 1.111619493034918249e-01
2.770000000000000000e+03 1.115700005012743856e-01
2.780000000000000000e+03 1.120225197356510410e-01
2.790000000000000000e+03 1.125169360246378314e-01
2.800000000000000000e+03 1.130505880836068094e-01
2.810000000000000000e+03 1.136207429335511498e-01
2.820000000000000000e+03 1.142246124331830759e-01
2.830000000000000000e+03 1.148593675577711803e-01
2.840000000000000000e+03 1.155221491673804612e-01
2.850000000000000000e+03 1.162100731173176943e-01
2.860000000000000000e+03 1.169202293929114955e-01
2.870000000000000000e+03 1.176496765759578178e-01
2.880000000000000000e+03 1.183954344278820292e-01
2.890000000000000000e+03 1.191544753030322618e-01
2.900000000000000000e+03 1.199237152459173977e-01
2.910000000000000000e+03 1.207000095078809010e-01
2.920000000000000000e+03 1.214801549308995171e-01
2.930000000000000000e+03 1.222608952198413895e-01
2.940000000000000000e+03 1.230389288743736348e-01
2.950000000000000000e+03 1.238109243188438291e-01
2.960000000000000000e+03 1.245735407854781651e-01
2.970000000000000000e+03 1.253234533212537749e-01
2.980000000000000000e+03 1.260573786504815552e-01
2.990000000000000000e+03 1.267720996178800519e-01
3.000000000000000000e+03 1.274644890239020056e-01
3.010000000000000000e+03 1.281315295711454583e-01
3.020000000000000000e+03 1.287703256810681651e-01
3.030000000000000000e+03 1.293781090901814368e-01
3.040000000000000000e+03 1.299522398931376443e-01
3.050000000000000000e+03 1.304902050358541787e-01
3.060000000000000000e+03 1.309896140547181786e-01
3.070000000000000000e+03 1.314481905516635130e-01
3.080000000000000000e+03 1.318637630281744577e-01
3.090000000000000000e+03 1.322342590083641356e-01
3.100000000000000000e+03 1.325577034141619814e-01
3.110000000000000000e+03 1.328322237909528580e-01
3.120000000000000000e+03 1.330560641788659793e-01
3.130000000000000000e+03 1.332276070840061333e-01
3.140000000000000000e+03 1.333454007942634356e-01
3.150000000000000000e+03 1.334081896137222778e-01
3.160000000000000000e+03 1.334149470681640082e-01
3.170000000000000000e+03 1.333649141641720104e-01
3.180000000000000000e+03 1.332576404931546665e-01
3.190000000000000000e+03 1.330930221563933480e-01
3.200000000000000000e+03 1.328713317843961961e-01
3.210000000000000000e+03 1.325932407604310248e-01
3.220000000000000000e+03 1.322598365390272590e-01
3.230000000000000000e+03 1.318726323134320755e-01
3.240000000000000000e+03 1.314335664320094021e-01
3.250000000000000000e+03 1.309449941354558222e-01
3.260000000000000000e+03 1.304096715988747879e-01
3.270000000000000000e+03 1.298307309544831367e-01
3.280000000000000000e+03 1.292116483829721107e-01
3.290000000000000000e+03 1.285562063837719926e-01
3.300000000000000000e+03 1.278684514526862437e-01
3.310000000000000000e+03 1.271526501569247569e-01
3.320000000000000000e+03 1.264132430230088810e-01
3.330000000000000000e+03 1.256547965748284479e-01
3.340000000000000000e+03 1.248819566846342266e-01
3.350000000000000000e+03 1.240994033664668261e-01
3.360000000000000000e+03 1.233118069603427597e-01
3.370000000000000000e+03 1.225237844318490393e-01
3.380000000000000000e+03 1.217398553997441069e-01
3.390000000000000000e+03 1.209644009922320601e-01
3.400000000000000000e+03 1.202016274793286515e-01
3.410000000000000000e+03 1.194555330867735771e-01
3.420000000000000000e+03 1.187298783413056613e-01
3.430000000000000000e+03 1.180281609260271647e-01
3.440000000000000000e+03 1.173535951290071294e-01
3.450000000000000000e+03 1.167090954662086677e-01
3.460000000000000000e+03 1.160972647567460880e-01
3.470000000000000000e+03 1.155203863443679535e-01
3.480000000000000000e+03 1.149804195308666982e-01
3.490000000000000000e+03 1.144789991144141011e-01
3.500000000000000000e+03 1.140174399671777805e-01
3.510000000000000000e+03 1.135967465798933679e-01
3.520000000000000000e+03 1.132176269030834154e-01
3.530000000000000000e+03 1.128805089306613441e-01
3.540000000000000000e+03 1.125855582817432143e-01
3.550000000000000000e+03 1.123326977581000363e-01
3.560000000000000000e+03 1.121216334039027845e-01
3.570000000000000000e+03 1.119518831734644393e-01
3.580000000000000000e+03 1.118228042104452008e-01
3.590000000000000000e+03 1.117336205249727654e-01
3.600000000000000000e+03 1.116834511418014764e-01
3.610000000000000000e+03 1.116713368014713437e-01
3.620000000000000000e+03 1.116962629604328905e-01
3.630000000000000000e+03 1.117571799386604114e-01
3.640000000000000000e+03 1.118530177045310020e-01
3.650000000000000000e+03 1.119826935307486893e-01
3.660000000000000000e+03 1.121451145736437754e-01
3.670000000000000000e+03 1.123391751983779663e-01
3.680000000000000000e+03 1.125637483320416909e-01
3.690000000000000000e+03 1.128176728249989241e-01
3.700000000000000000e+03 1.130997409762413974e-01
3.710000000000000000e+03 1.134086865968148145e-01
3.720000000000000000e+03 1.137431734169774000e-01
3.730000000000000000e+03 1.141017870457575606e-01
3.740000000000000000e+03 1.144830310404651996e-01
3.750000000000000000e+03 1.148853252665542335e-01
3.760000000000000000e+03 1.153070074928188304e-01
3.770000000000000000e+03 1.157463392150619302e-01
3.780000000000000000e+03 1.162015129802945052e-01
3.790000000000000000e+03 1.166706597904744874e-01
3.800000000000000000e+03 1.171518569401946153e-01
3.810000000000000000e+03 1.176431368067338834e-01
3.820000000000000000e+03 1.181424962322894373e-01
3.830000000000000000e+03 1.186479041171123183e-01
3.840000000000000000e+03 1.191573072195285521e-01
3.850000000000000000e+03 1.196686363945766163e-01
3.860000000000000000e+03 1.201798115372002401e-01
3.870000000000000000e+03 1.206887447604732266e-01
3.880000000000000000e+03 1.211933445353767791e-01
3.890000000000000000e+03 1.216915212063565538e-01
3.900000000000000000e+03 1.221811923492811536e-01
3.910000000000000000e+03 1.226602873641386982e-01
3.920000000000000000e+03 1.231267525215385822e-01
3.930000000000000000e+03 1.235785574582490276e-01
3.940000000000000000e+03 1.240137022603392120e-01
3.950000000000000000e+03 1.244302246590097139e-01
3.960000000000000000e+03 1.248262080476205405e-01
3.970000000000000000e+03 1.251997916846075420e-01
3.980000000000000000e+03 1.255491827255014459e-01
3.990000000000000000e+03 1.258726688564311691e-01
4.000000000000000000e+03 1.261686320269947426e-01
4.010000000000000000e+03 1.264355630186884960e-01
4.020000000000000000e+03 1.266720797316562841e-01
4.030000000000000000e+03 1.268769399203099335e-01
4.040000000000000000e+03 1.270490535487417971e-01
4.050000000000000000e+03 1.271874963125433355e-01
4.060000000000000000e+03 1.272915237457399040e-01
4.070000000000000000e+03 1.273605805730995411e-01
4.080000000000000000e+03 1.273943042551561045e-01
4.090000000000000000e+03 1.273925291101924984e-01
4.100000000000000000e+03 1.273552911321740588e-01
4.110000000000000000e+03 1.272828277465707647e-01
4.120000000000000000e+03 1.271755731449795701e-01
4.130000000000000000e+03 1.270341517061034653e-01
4.140000000000000000e+03 1.268593681710111776e-01
4.150000000000000000e+03 1.266521935854512393e-01
4.160000000000000000e+03 1.264137480601830454e-01
4.170000000000000000e+03 1.261452812607027629e-01
4.180000000000000000e+03 1.258481548648526238e-01
4.190000000000000000e+03 1.255238238251324412e-01
4.200000000000000000e+03 1.251738158581009452e-01
4.210000000000000000e+03 1.247997119487739698e-01
4.220000000000000000e+03 1.244031310677247426e-01
4.230000000000000000e+03 1.239857175810380879e-01
4.240000000000000000e+03 1.235491276444043302e-01
4.250000000000000000e+03 1.230950182335858595e-01
4.260000000000000000e+03 1.226250389797851892e-01
4.270000000000000000e+03 1.221408246006606552e-01
4.280000000000000000e+03 1.216439871452134752e-01
4.290000000000000000e+03 1.211361091319010930e-01
4.300000000000000000e+03 1.206187368877551097e-01
4.310000000000000000e+03 1.200933734593874619e-01
4.320000000000000000e+03 1.195614712417521625e-01
4.330000000000000000e+03 1.190244239385711278e-01
4.340000000000000000e+03 1.184835576633353760e-01
4.350000000000000000e+03 1.179401230380285881e-01
4.360000000000000000e+03 1.173952900025674179e-01
4.370000000000000000e+03 1.168501440152063253e-01
4.380000000000000000e+03 1.163056830377809797e-01
4.390000000000000000e+03 1.157628182370957354e-01
4.400000000000000000e+03 1.152223789771307932e-01
4.410000000000000000e+03 1.146851197031279052e-01
4.420000000000000000e+03 1.141517283512578640e-01
4.430000000000000000e+03 1.136228377923357846e-01
4.440000000000000000e+03 1.130990391307050147e-01
4.450000000000000000e+03 1.125808940665364299e-01
4.460000000000000000e+03 1.120689464147605063e-01
4.470000000000000000e+03 1.115637332098274870e-01
4.480000000000000000e+03 1.110657924848856282e-01
4.490000000000000000e+03 1.105756679722943170e-01
4.500000000000000000e+03 1.100939124130625724e-01
4.510000000000000000e+03 1.096210899011256651e-01
4.520000000000000000e+03 1.091577736699721052e-01
4.530000000000000000e+03 1.087045405747278509e-01
4.540000000000000000e+03 1.082619679539821439e-01
4.550000000000000000e+03 1.078306308639758043e-01
4.560000000000000000e+03 1.074111001628965806e-01
4.570000000000000000e+03 1.070039400357804538e-01
4.580000000000000000e+03 1.066097037198524972e-01
4.590000000000000000e+03 1.062289315393842859e-01
4.600000000000000000e+03 1.058621535638872985e-01
4.610000000000000000e+03 1.055098929841186139e-01
4.620000000000000000e+03 1.051726649457100926e-01
4.630000000000000000e+03 1.048509791626822257e-01
4.640000000000000000e+03 1.045453442060960275e-01
4.650000000000000000e+03 1.042562683857327921e-01
4.660000000000000000e+03 1.039842611186421462e-01
4.670000000000000000e+03 1.037298323082138235e-01
4.680000000000000000e+03 1.034934900343607439e-01
4.690000000000000000e+03 1.032757376497448060e-01
4.700000000000000000e+03 1.030770732472243573e-01
4.710000000000000000e+03 1.028979908226088646e-01
4.720000000000000000e+03 1.027389783230119730e-01
4.730000000000000000e+03 1.026005155771814864e-01
4.740000000000000000e+03 1.024830732748303053e-01
4.750000000000000000e+03 1.023871135007845962e-01
4.760000000000000000e+03 1.023130913557012134e-01
4.770000000000000000e+03 1.022614572359936136e-01
4.780000000000000000e+03 1.022326579597851587e-01
4.790000000000000000e+03 1.022271382428562858e-01
4.800000000000000000e+03 1.022453421097875570e-01
4.810000000000000000e+03 1.022877129422857384e-01
4.820000000000000000e+03 1.023546929255999827e-01
4.830000000000000000e+03 1.024467234328979570e-01
4.840000000000000000e+03 1.025642425477141795e-01
4.850000000000000000e+03 1.027076815767481582e-01
4.860000000000000000e+03 1.028774620380834282e-01
4.870000000000000000e+03 1.030739909669711324e-01
4.880000000000000000e+03 1.032976530274210825e-01
4.890000000000000000e+03 1.035488014254231093e-01
4.900000000000000000e+03 1.038277481556413584e-01
4.910000000000000000e+03 1.041347535041934613e-01
4.920000000000000000e+03 1.044700157790815487e-01
4.930000000000000000e+03 1.048336600735488150e-01
4.940000000000000000e+03 1.052257264196957420e-01
4.950000000000000000e+03 1.056461585432857536e-01
4.960000000000000000e+03 1.060947936857685320e-01
4.970000000000000000e+03 1.065713548761610951e-01
4.980000000000000000e+03 1.070754465777823267e-01
4.990000000000000000e+03 1.076065531556958110e-01
5.000000000000000000e+03 1.081640409260102020e-01
5.010000000000000000e+03 1.087471643224743600e-01
5.020000000000000000e+03 1.093550752901704670e-01
5.030000000000000000e+03 1.099868339168933729e-01
5.040000000000000000e+03 1.106414187623164652e-01
5.050000000000000000e+03 1.113177370476303996e-01
5.060000000000000000e+03 1.120146355758312867e-01
5.070000000000000000e+03 1.127309101249319850e-01
5.080000000000000000e+03 1.134653114774920590e-01
5.090000000000000000e+03 1.142165479355903984e-01
5.100000000000000000e+03 1.149832845221612498e-01
5.110000000000000000e+03 1.157641409256556231e-01
5.120000000000000000e+03 1.165576883362530319e-01
5.130000000000000000e+03 1.173624443741668050e-01
5.140000000000000000e+03 1.181768679271417710e-01
5.150000000000000000e+03 1.189993565097701572e-01
5.160000000000000000e+03 1.198282457052615990e-01
5.170000000000000000e+03 1.206618095197186796e-01
5.180000000000000000e+03 1.214982624481764362e-01
5.190000000000000000e+03 1.223357631676766921e-01
5.200000000000000000e+03 1.231724196567104412e-01
5.210000000000000000e+03 1.240062920691091669e-01
5.220000000000000000e+03 1.248353946833520300e-01
5.230000000000000000e+03 1.256577006201725077e-01
5.240000000000000000e+03 1.264711464590523859e-01
5.250000000000000000e+03 1.272736361617132494e-01
5.260000000000000000e+03 1.280630461716189272e-01
5.270000000000000000e+03 1.288372320030340967e-01
5.280000000000000000e+03 1.295940358285466443e-01
5.290000000000000000e+03 1.303312964027260878e-01
5.300000000000000000e+03 1.310468618231944160e-01
5.310000000000000000e+03 1.317386036400900184e-01
5.320000000000000000e+03 1.324044316164766089e-01
5.330000000000000000e+03 1.330423088329020231e-01
5.340000000000000000e+03 1.336502662764164351e-01
5.350000000000000000e+03 1.342264161138375933e-01
5.360000000000000000e+03 1.347689644764163419e-01
5.370000000000000000e+03 1.352762239894508556e-01
5.380000000000000000e+03 1.357466251226127907e-01
5.390000000000000000e+03 1.361787273600800763e-01
5.400000000000000000e+03 1.365712328772711315e-01
5.410000000000000000e+03 1.369230012260496399e-01
5.420000000000000000e+03 1.372330622925129195e-01
5.430000000000000000e+03 1.375006280377339407e-01
5.440000000000000000e+03 1.377251044240764555e-01
5.450000000000000000e+03 1.379061026251634237e-01
5.460000000000000000e+03 1.380434484637887982e-01
5.470000000000000000e+03 1.381371907242867070e-01
5.480000000000000000e+03 1.381876086118032365e-01
5.490000000000000000e+03 1.381952177800145065e-01
5.500000000000000000e+03 1.381607744811867156e-01
5.510000000000000000e+03 1.380852782075938923e-01
5.520000000000000000e+03 1.379699732471831308e-01
5.530000000000000000e+03 1.378163483120984634e-01
5.540000000000000000e+03 1.376261331744659810e-01
5.550000000000000000e+03 1.374012922097173628e-01
5.560000000000000000e+03 1.371440148775753265e-01
5.570000000000000000e+03 1.368567025623874944e-01
5.580000000000000000e+03 1.365419507295132784e-01
5.590000000000000000e+03 1.362025254777892158e-01
5.600000000000000000e+03 1.358413346122772369e-01
5.610000000000000000e+03 1.354613941849230063e-01
5.620000000000000000e+03 1.350657922536379896e-01
5.630000000000000000e+03 1.346576509782523023e-01
5.640000000000000000e+03 1.342400878658360219e-01
5.650000000000000000e+03 1.338161776490827404e-01
5.660000000000000000e+03 1.333889162016198282e-01
5.670000000000000000e+03 1.329611870731268186e-01
5.680000000000000000e+03 1.325357314253511609e-01
5.690000000000000000e+03 1.321151228548798351e-01
5.700000000000000000e+03 1.317017483608331763e-01
5.710000000000000000e+03 1.312977966154027232e-01
5.720000000000000000e+03 1.309052541156678628e-01
5.730000000000000000e+03 1.305259085136060149e-01
5.740000000000000000e+03 1.301613594531662310e-01
5.750000000000000000e+03 1.298130384488083988e-01
5.760000000000000000e+03 1.294822367556641707e-01
5.770000000000000000e+03 1.291701376007891033e-01
5.780000000000000000e+03 1.288778491488224431e-01
5.790000000000000000e+03 1.286064345737584769e-01
5.800000000000000000e+03 1.283569350543695420e-01
5.810000000000000000e+03 1.281303816523945149e-01
5.820000000000000000e+03 1.279277930012408804e-01
5.830000000000000000e+03 1.277501576467186539e-01
5.840000000000000000e+03 1.275984021605296448e-01
5.850000000000000000e+03 1.274733492203580509e-01
5.860000000000000000e+03 1.273756715845702492e-01
5.870000000000000000e+03 1.273058476611368117e-01
5.880000000000000000e+03 1.272641234934661636e-01
5.890000000000000000e+03 1.272504854079575531e-01
5.900000000000000000e+03 1.272646458519723633e-01
5.910000000000000000e+03 1.273060427511070181e-01
5.920000000000000000e+03 1.273738507548502208e-01
5.930000000000000000e+03 1.274670008583026204e-01
5.940000000000000000e+03 1.275842045583335249e-01
5.950000000000000000e+03 1.277239796219342416e-01
5.960000000000000000e+03 1.278846752520952923e-01
5.970000000000000000e+03 1.280644951024744738e-01
5.980000000000000000e+03 1.282615174064094810e-01
5.990000000000000000e+03 1.284737128240701354e-01
6.000000000000000000e+03 1.286989614719663000e-01
6.010000000000000000e+03 1.289350702539643345e-01
6.020000000000000000e+03 1.291797910278812689e-01
6.030000000000000000e+03 1.294308396504451619e-01
6.040000000000000000e+03 1.296859160258923005e-01
6.050000000000000000e+03 1.299427259326657313e-01
6.060000000000000000e+03 1.301990045538459484e-01
6.070000000000000000e+03 1.304525405019417716e-01
6.080000000000000000e+03 1.307011986381365343e-01
6.090000000000000000e+03 1.309429399867359234e-01
6.100000000000000000e+03 1.311758366775984397e-01
6.110000000000000000e+03 1.313980804391435830e-01
6.120000000000000000e+03 1.316079853157232082e-01
6.130000000000000000e+03 1.318039863153950830e-01
6.140000000000000000e+03 1.319846354163047020e-01
6.150000000000000000e+03 1.321485966929263067e-01
6.160000000000000000e+03 1.322946421468566003e-01
6.170000000000000000e+03 1.324216490297687177e-01
6.180000000000000000e+03 1.325285993338555790e-01
6.190000000000000000e+03 1.326145814788816935e-01
6.200000000000000000e+03 1.326787938771065434e-01
6.210000000000000000e+03 1.327205504786895529e-01
6.220000000000000000e+03 1.327392888922216130e-01
6.230000000000000000e+03 1.327345816641140319e-01
6.240000000000000000e+03 1.327061508326663197e-01
6.250000000000000000e+03 1.326538844301365927e-01
6.260000000000000000e+03 1.325778527641544025e-01
6.270000000000000000e+03 1.324783221036161251e-01
6.280000000000000000e+03 1.323557627610856269e-01
6.290000000000000000e+03 1.322108484503566606e-01
6.300000000000000000e+03 1.320444447707064539e-01
6.310000000000000000e+03 1.318575872978750840e-01
6.320000000000000000e+03 1.316514520701523305e-01
6.330000000000000000e+03 1.314273212753141185e-01
6.340000000000000000e+03 1.311865475824209037e-01
6.350000000000000000e+03 1.309305210963740140e-01
6.360000000000000000e+03 1.306606411125113276e-01
6.370000000000000000e+03 1.303782935408207555e-01
6.380000000000000000e+03 1.300848344159291903e-01
6.390000000000000000e+03 1.297815788256227731e-01
6.400000000000000000e+03 1.294697938482131938e-01
6.410000000000000000e+03 1.291506945227119674e-01
6.420000000000000000e+03 1.288254433030945056e-01
6.430000000000000000e+03 1.284951526148298828e-01
6.440000000000000000e+03 1.281608902475896705e-01
6.450000000000000000e+03 1.278236883506204957e-01
6.460000000000000000e+03 1.274845563887612165e-01
6.470000000000000000e+03 1.271444964451282078e-01
6.480000000000000000e+03 1.268045187808856389e-01
6.490000000000000000e+03 1.264656564714925491e-01
6.500000000000000000e+03 1.261289777319919980e-01
6.510000000000000000e+03 1.257955942693748108e-01
6.520000000000000000e+03 1.254666639476935408e-01
6.530000000000000000e+03 1.251433845299388670e-01
6.540000000000000000e+03 1.248269754690309041e-01
6.550000000000000000e+03 1.245186479363325771e-01
6.560000000000000000e+03 1.242195647435486439e-01
6.570000000000000000e+03 1.239307916285292827e-01
6.580000000000000000e+03 1.236532456068465124e-01
6.590000000000000000e+03 1.233876504032718618e-01
6.600000000000000000e+03 1.231345072705397753e-01
6.610000000000000000e+03 1.228940880449975181e-01
6.620000000000000000e+03 1.226664564141732167e-01
6.630000000000000000e+03 1.224515182154031906e-01
6.640000000000000000e+03 1.222490962403064291e-01
6.650000000000000000e+03 1.220590206397922095e-01
6.660000000000000000e+03 1.218812203787640602e-01
6.670000000000000000e+03 1.217157992095928148e-01
6.680000000000000000e+03 1.215630813301109420e-01
6.690000000000000000e+03 1.214236145290439745e-01
6.700000000000000000e+03 1.212981264388612312e-01
6.710000000000000000e+03 1.211874393238289299e-01
6.720000000000000000e+03 1.210923572509997187e-01
6.730000000000000000e+03 1.210135482399055940e-01
6.740000000000000000e+03 1.209514480252005669e-01
6.750000000000000000e+03 1.209062080069196465e-01
6.760000000000000000e+03 1.208777025696154833e-01
6.770000000000000000e+03 1.208656003510305416e-01
6.780000000000000000e+03 1.208694895739302888e-01
6.790000000000000000e+03 1.208890350145967324e-01
6.800000000000000000e+03 1.209241352004433584e-01
6.810000000000000000e+03 1.209750442727670766e-01
6.820000000000000000e+03 1.210424274743832768e-01
6.830000000000000000e+03 1.211273328187347925e-01
6.840000000000000000e+03 1.212310786267207646e-01
6.850000000000000000e+03 1.213550732564561141e-01
6.860000000000000000e+03 1.215005989410549991e-01
6.870000000000000000e+03 1.216686030344920066e-01
6.880000000000000000e+03 1.218595419298966198e-01
6.890000000000000000e+03 1.220733102296966410e-01
6.900000000000000000e+03 1.223092681136799531e-01
6.910000000000000000e+03 1.225663614835439952e-01
6.920000000000000000e+03 1.228433062832012396e-01
6.930000000000000000e+03 1.231387913300955594e-01
6.940000000000000000e+03 1.234516556084863381e-01
6.950000000000000000e+03 1.237810022864090226e-01
6.960000000000000000e+03 1.241262245932334696e-01
6.970000000000000000e+03 1.244869435852435924e-01
6.980000000000000000e+03 1.248628793524301367e-01
6.990000000000000000e+03 1.252536894704962545e-01
7.000000000000000000e+03 1.256588139487415934e-01
7.010000000000000000e+03 1.260773646246597657e-01
7.020000000000000000e+03 1.265080859998790330e-01
7.030000000000000000e+03 1.269493950231842805e-01
7.040000000000000000e+03 1.273994879156267745e-01
7.050000000000000000e+03 1.278564890574540314e-01
7.060000000000000000e+03 1.283186069668780793e-01
7.070000000000000000e+03 1.287842599957097489e-01
7.080000000000000000e+03 1.292521437811259555e-01
7.090000000000000000e+03 1.297212253075948618e-01
7.100000000000000000e+03 1.301906630004720511e-01
7.110000000000000000e+03 1.306596695459833202e-01
7.120000000000000000e+03 1.311273474025962393e-01
7.130000000000000000e+03 1.315925358103080534e-01
7.140000000000000000e+03 1.320537060759052750e-01
7.150000000000000000e+03 1.325089289586161567e-01
7.160000000000000000e+03 1.329559214886931184e-01
7.170000000000000000e+03 1.333921647531252364e-01
7.180000000000000000e+03 1.338150704054679452e-01
7.190000000000000000e+03 1.342221642604056742e-01
7.200000000000000000e+03 1.346112527826524019e-01
7.210000000000000000e+03 1.349805445761076972e-01
7.220000000000000000e+03 1.353287092427134519e-01
7.230000000000000000e+03 1.356548667446006995e-01
7.240000000000000000e+03 1.359585107917941071e-01
7.250000000000000000e+03 1.362393842411319667e-01
7.260000000000000000e+03 1.364973419692835088e-01
7.270000000000000000e+03 1.367322390056052162e-01
7.280000000000000000e+03 1.369438595930991542e-01
7.290000000000000000e+03 1.371318842815638095e-01
7.300000000000000000e+03 1.372958935382104506e-01
7.310000000000000000e+03 1.374354125962590489e-01
7.320000000000000000e+03 1.375499917600914723e-01
7.330000000000000000e+03 1.376393012179628894e-01
7.340000000000000000e+03 1.377032129547637040e-01
7.350000000000000000e+03 1.377418632755556538e-01
7.360000000000000000e+03 1.377556915988337183e-01
7.370000000000000000e+03 1.377454388691342901e-01
7.380000000000000000e+03 1.377121088815836947e-01
7.390000000000000000e+03 1.376569027558741110e-01
7.400000000000000000e+03 1.375811202344243700e-01
7.410000000000000000e+03 1.374860415867603103e-01
7.420000000000000000e+03 1.373728299868859637e-01
7.430000000000000000e+03 1.372424670326435614e-01
7.440000000000000000e+03 1.370957199073376542e-01
7.450000000000000000e+03 1.369331569076534250e-01
7.460000000000000000e+03 1.367552201640669929e-01
7.470000000000000000e+03 1.365623390106188439e-01
7.480000000000000000e+03 1.363550598600114794e-01
7.490000000000000000e+03 1.361341717391294504e-01
7.500000000000000000e+03 1.359008032645657449e-01
7.510000000000000000e+03 1.356564645061048568e-01
7.520000000000000000e+03 1.354030200550100371e-01
7.530000000000000000e+03 1.351425996263133922e-01
7.540000000000000000e+03 1.348774576552275728e-01
7.550000000000000000e+03 1.346097978774559722e-01
7.560000000000000000e+03 1.343415990397150428e-01
7.570000000000000000e+03 1.340744818486445944e-01
7.580000000000000000e+03 1.338096444374141103e-01
7.590000000000000000e+03 1.335478695630434309e-01
7.600000000000000000e+03 1.332895917989210532e-01
7.610000000000000000e+03 1.330350169962548623e-01
7.620000000000000000e+03 1.327842735610847424e-01
7.630000000000000000e+03 1.325375686310672485e-01
7.640000000000000000e+03 1.322953177325579543e-01
7.650000000000000000e+03 1.320582211634636627e-01
7.660000000000000000e+03 1.318272828489052695e-01
7.670000000000000000e+03 1.316037720993756821e-01
7.680000000000000000e+03 1.313891390403189030e-01
7.690000000000000000e+03 1.311849071812609402e-01
7.700000000000000000e+03 1.309925540780051689e-01
7.710000000000000000e+03 1.308133952280331469e-01
7.720000000000000000e+03 1.306485039472465304e-01
7.730000000000000000e+03 1.304986787814966243e-01
7.740000000000000000e+03 1.303644501393441402e-01
7.750000000000000000e+03 1.302461103801377251e-01
7.760000000000000000e+03 1.301437674476586814e-01
7.770000000000000000e+03 1.300574163646053272e-01
7.780000000000000000e+03 1.299869926274551668e-01
7.790000000000000000e+03 1.299324057943094246e-01
7.800000000000000000e+03 1.298935483295685922e-01
7.810000000000000000e+03 1.298702738180838312e-01
7.820000000000000000e+03 1.298623707045767628e-01
7.830000000000000000e+03 1.298695178750371715e-01
7.840000000000000000e+03 1.298912493516174715e-01
7.850000000000000000e+03 1.299269512199804910e-01
7.860000000000000000e+03 1.299758573587095900e-01
7.870000000000000000e+03 1.300370514862274895e-01
7.880000000000000000e+03 1.301094807081314975e-01
7.890000000000000000e+03 1.301919697696939382e-01
7.900000000000000000e+03 1.302832544644081936e-01
7.910000000000000000e+03 1.303820350768943870e-01
7.920000000000000000e+03 1.304870234836119913e-01
7.930000000000000000e+03 1.305969737316837187e-01
7.940000000000000000e+03 1.307107136803532799e-01
7.950000000000000000e+03 1.308271891860901537e-01
7.960000000000000000e+03 1.309454843733733054e-01
7.970000000000000000e+03 1.310647996065622822e-01
7.980000000000000000e+03 1.311844256236258111e-01
7.990000000000000000e+03 1.313037130094425187e-01
8.000000000000000000e+03 1.314220087625024291e-01
8.010000000000000000e+03 1.315386466038653279e-01
8.020000000000000000e+03 1.316529778008151130e-01
8.030000000000000000e+03 1.317644161731207353e-01
8.040000000000000000e+03 1.318724617611730376e-01
8.050000000000000000e+03 1.319767337052506762e-01
8.060000000000000000e+03 1.320770305907005560e-01
8.070000000000000000e+03 1.321733332847168929e-01
8.080000000000000000e+03 1.322657545112037869e-01
8.090000000000000000e+03 1.323545268254885943e-01
8.100000000000000000e+03 1.324399228899817704e-01
8.110000000000000000e+03 1.325221501160787907e-01
8.120000000000000000e+03 1.326012976217049721e-01
8.130000000000000000e+03 1.326772730611921469e-01
8.140000000000000000e+03 1.327497287642225021e-01
8.150000000000000000e+03 1.328180555997653667e-01
8.160000000000000000e+03 1.328814866321271770e-01
8.170000000000000000e+03 1.329391996102668450e-01
8.180000000000000000e+03 1.329904209145505167e-01
8.190000000000000000e+03 1.330345402630863649e-01
8.200000000000000000e+03 1.330711953880396314e-01
8.210000000000000000e+03 1.331002485800566182e-01
8.220000000000000000e+03 1.331217795129371884e-01
8.230000000000000000e+03 1.331360399556280327e-01
8.240000000000000000e+03 1.331433367491605957e-01
8.250000000000000000e+03 1.331438492203070867e-01
8.260000000000000000e+03 1.331375739033821282e-01
8.270000000000000000e+03 1.331242957504793212e-01
8.280000000000000000e+03 1.331035411668280155e-01
8.290000000000000000e+03 1.330746558509341426e-01
8.300000000000000000e+03 1.330368560098045272e-01
8.310000000000000000e+03 1.329893159254085799e-01
8.320000000000000000e+03 1.329313710914091506e-01
8.330000000000000000e+03 1.328625903009199583e-01
8.340000000000000000e+03 1.327829560308270984e-01
8.350000000000000000e+03 1.326929912032770720e-01
8.360000000000000000e+03 1.325934827130416382e-01
8.370000000000000000e+03 1.324854875468148840e-01
8.380000000000000000e+03 1.323703584967548252e-01
8.390000000000000000e+03 1.322492841362799265e-01
8.400000000000000000e+03 1.321231690947688442e-01
8.410000000000000000e+03 1.319929654309834888e-01
8.420000000000000000e+03 1.318595047536239573e-01
8.430000000000000000e+03 1.317232578905656037e-01
8.440000000000000000e+03 1.315845346096640722e-01
8.450000000000000000e+03 1.314436257898399241e-01
8.460000000000000000e+03 1.313005703122698820e-01
8.470000000000000000e+03 1.311556646833227091e-01
8.480000000000000000e+03 1.310091846931598913e-01
8.490000000000000000e+03 1.308614382267147824e-01
8.500000000000000000e+03 1.307129110315579934e-01
8.510000000000000000e+03 1.305639509155149813e-01
8.520000000000000000e+03 1.304151742465476382e-01
8.530000000000000000e+03 1.302676933347275967e-01
8.540000000000000000e+03 1.301217205391074772e-01
8.550000000000000000e+03 1.299779637522376907e-01
8.560000000000000000e+03 1.298370189320964818e-01
8.570000000000000000e+03 1.297000204917136135e-01
8.580000000000000000e+03 1.295673007623555917e-01
8.590000000000000000e+03 1.294400314173109190e-01
8.600000000000000000e+03 1.293189313220819425e-01
8.610000000000000000e+03 1.292051482052034572e-01
8.620000000000000000e+03 1.290998587209810644e-01
8.630000000000000000e+03 1.290041846672750070e-01
8.640000000000000000e+03 1.289186933313343220e-01
8.650000000000000000e+03 1.288437314039967418e-01
8.660000000000000000e+03 1.287799979830130115e-01
8.670000000000000000e+03 1.287274134208160614e-01
8.680000000000000000e+03 1.286858936121147712e-01
8.690000000000000000e+03 1.286558250333579567e-01
8.700000000000000000e+03 1.286357109767198303e-01
8.710000000000000000e+03 1.286263271668056651e-01
8.720000000000000000e+03 1.286264474109425626e-01
8.730000000000000000e+03 1.286364417574716312e-01
8.740000000000000000e+03 1.286553200770376160e-01
8.750000000000000000e+03 1.286828087903284790e-01
8.760000000000000000e+03 1.287189176242188315e-01
8.770000000000000000e+03 1.287639337124398542e-01
8.780000000000000000e+03 1.288153527685237387e-01
8.790000000000000000e+03 1.288751417105327146e-01
8.800000000000000000e+03 1.289400051757456089e-01
8.810000000000000000e+03 1.290103932894712258e-01
8.820000000000000000e+03 1.290854190193256867e-01
8.830000000000000000e+03 1.291637941847815219e-01
8.840000000000000000e+03 1.292461145147641155e-01
8.850000000000000000e+03 1.293319652362199812e-01
8.860000000000000000e+03 1.294205475101191383e-01
8.870000000000000000e+03 1.295136215172053851e-01
8.880000000000000000e+03 1.296109179941324074e-01
8.890000000000000000e+03 1.297137485282973401e-01
8.900000000000000000e+03 1.298220563879047829e-01
8.910000000000000000e+03 1.299369848081244894e-01
8.920000000000000000e+03 1.300592289686361702e-01
8.930000000000000000e+03 1.301896301939168554e-01
8.940000000000000000e+03 1.303295524146797779e-01
8.950000000000000000e+03 1.304790563904020817e-01
8.960000000000000000e+03 1.306381349454257823e-01
8.970000000000000000e+03 1.308075950310859936e-01
8.980000000000000000e+03 1.309884628728363865e-01
8.990000000000000000e+03 1.311798257048408800e-01
9.000000000000000000e+03 1.313816438615794391e-01
9.010000000000000000e+03 1.315942217419051041e-01
9.020000000000000000e+03 1.318164381982626088e-01
9.030000000000000000e+03 1.320475857446931911e-01
9.040000000000000000e+03 1.322857007907807803e-01
9.050000000000000000e+03 1.325291736260622577e-01
9.060000000000000000e+03 1.327776685614298346e-01
9.070000000000000000e+03 1.330300482373971138e-01
9.080000000000000000e+03 1.332847754466195134e-01
9.090000000000000000e+03 1.335418930873211729e-01
9.100000000000000000e+03 1.337994946624854187e-01
9.110000000000000000e+03 1.340562483717791242e-01
9.120000000000000000e+03 1.343102146553549758e-01
9.130000000000000000e+03 1.345596583723250861e-01
9.140000000000000000e+03 1.348039372608721420e-01
9.150000000000000000e+03 1.350409647837748639e-01
9.160000000000000000e+03 1.352714763771549755e-01
9.170000000000000000e+03 1.354941340059705457e-01
9.180000000000000000e+03 1.357080775613094537e-01
9.190000000000000000e+03 1.359135871584210287e-01
9.200000000000000000e+03 1.361099410535282495e-01
9.210000000000000000e+03 1.362964837754586100e-01
9.220000000000000000e+03 1.364749323773481182e-01
9.230000000000000000e+03 1.366464692584140606e-01
9.240000000000000000e+03 1.368111356891008323e-01
9.250000000000000000e+03 1.369676382427707229e-01
9.260000000000000000e+03 1.371150767931125225e-01
9.270000000000000000e+03 1.372549001483122644e-01
9.280000000000000000e+03 1.373865380220993526e-01
9.290000000000000000e+03 1.375094521196449648e-01
9.300000000000000000e+03 1.376254487133352633e-01
9.310000000000000000e+03 1.377352876861549225e-01
9.320000000000000000e+03 1.378393675611468694e-01
9.330000000000000000e+03 1.379388812022044886e-01
9.340000000000000000e+03 1.380352451087935861e-01
9.350000000000000000e+03 1.381302989945989712e-01
9.360000000000000000e+03 1.382212843346400377e-01
9.370000000000000000e+03 1.383132018031396904e-01
9.380000000000000000e+03 1.384032780090619086e-01
9.390000000000000000e+03 1.384932964128137434e-01
9.400000000000000000e+03 1.385826538649509720e-01
9.410000000000000000e+03 1.386705855424048839e-01
9.420000000000000000e+03 1.387593439791952599e-01
9.430000000000000000e+03 1.388498078121737644e-01
9.440000000000000000e+03 1.389428504002949150e-01
9.450000000000000000e+03 1.390374660240743798e-01
9.460000000000000000e+03 1.391348413110165549e-01
9.470000000000000000e+03 1.392353204737841188e-01
9.480000000000000000e+03 1.393396555647477275e-01
9.490000000000000000e+03 1.394450484297592718e-01
9.500000000000000000e+03 1.395526660972338795e-01
9.510000000000000000e+03 1.396624320117396678e-01
9.520000000000000000e+03 1.397734647623857518e-01
9.530000000000000000e+03 1.398846396517652579e-01
9.540000000000000000e+03 1.399955958855288174e-01
9.550000000000000000e+03 1.401053413973397388e-01
9.560000000000000000e+03 1.402156874415959875e-01
9.570000000000000000e+03 1.403254206915029445e-01
9.580000000000000000e+03 1.404343243568293154e-01
9.590000000000000000e+03 1.405432630996430732e-01
9.600000000000000000e+03 1.406528881425901101e-01
9.610000000000000000e+03 1.407629033174935540e-01
9.620000000000000000e+03 1.408750255691144926e-01
9.630000000000000000e+03 1.409874621078632262e-01
9.640000000000000000e+03 1.411028598708274351e-01
9.650000000000000000e+03 1.412206188210808067e-01
9.660000000000000000e+03 1.413396138997385920e-01
9.670000000000000000e+03 1.414605008360827199e-01
9.680000000000000000e+03 1.415835751814105148e-01
9.690000000000000000e+03 1.417063123613869768e-01
9.700000000000000000e+03 1.418316832824419171e-01
9.710000000000000000e+03 1.419595544317689140e-01
9.720000000000000000e+03 1.420904542125186465e-01
9.730000000000000000e+03 1.422245667900036148e-01
9.740000000000000000e+03 1.423615567154217498e-01
9.750000000000000000e+03 1.425018952998365895e-01
9.760000000000000000e+03 1.426462998781929947e-01
9.770000000000000000e+03 1.427932206895004830e-01
9.780000000000000000e+03 1.429427932634018683e-01
9.790000000000000000e+03 1.430933828828321319e-01
9.800000000000000000e+03 1.432450374021294881e-01
9.810000000000000000e+03 1.433966142139386502e-01
9.820000000000000000e+03 1.435466899983353639e-01
9.830000000000000000e+03 1.436973651688877029e-01
9.840000000000000000e+03 1.438433126297957443e-01
9.850000000000000000e+03 1.439893489489964540e-01
9.860000000000000000e+03 1.441335440831081338e-01
9.870000000000000000e+03 1.442755202778499002e-01
9.880000000000000000e+03 1.444179824977787630e-01
9.890000000000000000e+03 1.445608691076067376e-01
9.900000000000000000e+03 1.447065520627187907e-01
9.910000000000000000e+03 1.448550509260312091e-01
9.920000000000000000e+03 1.450069209009876292e-01
9.930000000000000000e+03 1.451605860459365405e-01
9.940000000000000000e+03 1.453150410392199665e-01
9.950000000000000000e+03 1.454740370495747892e-01
9.960000000000000000e+03 1.456354429199681055e-01
9.970000000000000000e+03 1.457999422254390720e-01
9.980000000000000000e+03 1.459643868912524900e-01
9.990000000000000000e+03 1.461252694916481687e-01
1.000000000000000000e+04 1.462857681377089658e-01
