Time	Population
0.000000000000000000e+00 1.004849570511680001e-01
1.000000000000000000e+01 1.007509769425335711e-01
2.000000000000000000e+01 1.015477908549798497e-01
3.000000000000000000e+01 1.028677400667493413e-01
4.000000000000000000e+01 1.047000877772960581e-01
5.000000000000000000e+01 1.070295560769086718e-01
6.000000000000000000e+01 1.098366014208378150e-01
7.000000000000000000e+01 1.130973016357662703e-01
8.000000000000000000e+01 1.167833265288434480e-01
9.000000000000000000e+01 1.208620197288406278e-01
1.000000000000000000e+02 1.252965964622243522e-01
1.100000000000000000e+02 1.300464539701884359e-01
1.200000000000000000e+02 1.350675779317965230e-01
1.300000000000000000e+02 1.403130295042467890e-01
1.400000000000000000e+02 1.457334895237793748e-01
1.500000000000000000e+02 1.512778484797213385e-01
1.600000000000000000e+02 1.568938323262228096e-01
1.700000000000000000e+02 1.625286482168926405e-01
1.800000000000000000e+02 1.681296527367628080e-01
1.900000000000000000e+02 1.736450308087905681e-01
2.000000000000000000e+02 1.790244781679544428e-01
2.100000000000000000e+02 1.842198782256170564e-01
2.200000000000000000e+02 1.891859781589055600e-01
2.300000000000000000e+02 1.938810427313327756e-01
2.400000000000000000e+02 1.982674662825841538e-01
2.500000000000000000e+02 2.023123371303532925e-01
2.600000000000000000e+02 2.059879507075335625e-01
2.700000000000000000e+02 2.092722974079680442e-01
2.800000000000000000e+02 2.121493805480896000e-01
2.900000000000000000e+02 2.146095098749861152e-01
3.000000000000000000e+02 2.166494525416507722e-01
3.100000000000000000e+02 2.182724970897069461e-01
3.200000000000000000e+02 2.194883570098594416e-01
3.300000000000000000e+02 2.203129523564996972e-01
3.400000000000000000e+02 2.207680579832895507e-01
3.500000000000000000e+02 2.208807908836584177e-01
3.600000000000000000e+02 2.206829768801014113e-01
3.700000000000000000e+02 2.202104002488068091e-01
3.800000000000000000e+02 2.195019671611173617e-01
3.900000000000000000e+02 2.185987655396559870e-01
4.000000000000000000e+02 2.175431066989198803e-01
4.100000000000000000e+02 2.163775557788386039e-01
4.200000000000000000e+02 2.151439846757998986e-01
4.300000000000000000e+02 2.138827190801700084e-01
4.400000000000000000e+02 2.126317725029464034e-01
4.500000000000000000e+02 2.114261944995399489e-01
4.600000000000000000e+02 2.102975637878468640e-01
4.700000000000000000e+02 2.092736362959686236e-01
4.800000000000000000e+02 2.083781678157753392e-01
4.900000000000000000e+02 2.076308443763924261e-01
5.000000000000000000e+02 2.070473675252546830e-01
5.100000000000000000e+02 2.066396611917214743e-01
5.200000000000000000e+02 2.064161494782348061e-01
5.300000000000000000e+02 2.063820787173565041e-01
5.400000000000000000e+02 2.065399033204851353e-01
5.500000000000000000e+02 2.068897230967016998e-01
5.600000000000000000e+02 2.074296783527109778e-01
5.700000000000000000e+02 2.081562899369392705e-01
5.800000000000000000e+02 2.090647968297576487e-01
5.900000000000000000e+02 2.101494531811651800e-01
6.000000000000000000e+02 2.114038137393480232e-01
6.100000000000000000e+02 2.128209451755661286e-01
6.200000000000000000e+02 2.143936141834760500e-01
6.300000000000000000e+02 2.161144092497720159e-01
6.400000000000000000e+02 2.179758472480782805e-01
6.500000000000000000e+02 2.199705026188406576e-01
6.600000000000000000e+02 2.220910611002880064e-01
6.700000000000000000e+02 2.243303537529504621e-01
6.800000000000000000e+02 2.266814005738162219e-01
6.900000000000000000e+02 2.291374507112131087e-01
7.000000000000000000e+02 2.316920105660165152e-01
7.100000000000000000e+02 2.343388660611623320e-01
7.200000000000000000e+02 2.370720706093004670e-01
7.300000000000000000e+02 2.398859060909598606e-01
7.400000000000000000e+02 2.427748623471338574e-01
7.500000000000000000e+02 2.457335931249044758e-01
7.600000000000000000e+02 2.487568693091391780e-01
7.700000000000000000e+02 2.518394712538328806e-01
7.800000000000000000e+02 2.549760775231387222e-01
7.900000000000000000e+02 2.581611888777783914e-01
8.000000000000000000e+02 2.613890680665528765e-01
8.100000000000000000e+02 2.646536259226645593e-01
8.200000000000000000e+02 2.679483260211965590e-01
8.300000000000000000e+02 2.712661269863245184e-01
8.400000000000000000e+02 2.745994252451969264e-01
8.500000000000000000e+02 2.779400538571684676e-01
8.600000000000000000e+02 2.812792923006651180e-01
8.700000000000000000e+02 2.846078642551794768e-01
8.800000000000000000e+02 2.879159640791051356e-01
8.900000000000000000e+02 2.911933236311457507e-01
9.000000000000000000e+02 2.944293161957027283e-01
9.100000000000000000e+02 2.976130765912978204e-01
9.200000000000000000e+02 3.007336033041566603e-01
9.300000000000000000e+02 3.037798632550701705e-01
9.400000000000000000e+02 3.067409200404340730e-01
9.500000000000000000e+02 3.096060737226885018e-01
9.600000000000000000e+02 3.123649610388385400e-01
9.700000000000000000e+02 3.150076626849757089e-01
9.800000000000000000e+02 3.175248264261056885e-01
9.900000000000000000e+02 3.199077898587465163e-01
1.000000000000000000e+03 3.221487015353171612e-01
1.010000000000000000e+03 3.242406136774598213e-01
1.020000000000000000e+03 3.261775493882693722e-01
1.030000000000000000e+03 3.279545770916430514e-01
1.040000000000000000e+03 3.295679018416963202e-01
1.050000000000000000e+03 3.310148941631206876e-01
1.060000000000000000e+03 3.322941139280939926e-01
1.070000000000000000e+03 3.334053513386815437e-01
1.080000000000000000e+03 3.343496550345173568e-01
1.090000000000000000e+03 3.351293025227914391e-01
1.100000000000000000e+03 3.357477740336502481e-01
1.110000000000000000e+03 3.362097464450796713e-01
1.120000000000000000e+03 3.365210363810857697e-01
1.130000000000000000e+03 3.366885260360366061e-01
1.140000000000000000e+03 3.367200971265730258e-01
1.150000000000000000e+03 3.366245420981410774e-01
1.160000000000000000e+03 3.364114796431697529e-01
1.170000000000000000e+03 3.360912587011721797e-01
1.180000000000000000e+03 3.356748337291691198e-01
1.190000000000000000e+03 3.351736451482433266e-01
1.200000000000000000e+03 3.345994982594736045e-01
1.210000000000000000e+03 3.339644087300029929e-01
1.220000000000000000e+03 3.332804501189755020e-01
1.230000000000000000e+03 3.325596431257539232e-01
1.240000000000000000e+03 3.318138379034573093e-01
1.250000000000000000e+03 3.310545699447520751e-01
1.260000000000000000e+03 3.302929415976491034e-01
1.270000000000000000e+03 3.295395308065142692e-01
1.280000000000000000e+03 3.288043157191234966e-01
1.290000000000000000e+03 3.280966041622784268e-01
1.300000000000000000e+03 3.274249766230993841e-01
1.310000000000000000e+03 3.267972606818506653e-01
1.320000000000000000e+03 3.262205218411207697e-01
1.330000000000000000e+03 3.257010581850581232e-01
1.340000000000000000e+03 3.252444068679970490e-01
1.350000000000000000e+03 3.248553730960806463e-01
1.360000000000000000e+03 3.245380748287728934e-01
1.370000000000000000e+03 3.242959952438954074e-01
1.380000000000000000e+03 3.241320314259893975e-01
1.390000000000000000e+03 3.240485356713703746e-01
1.400000000000000000e+03 3.240473522345854174e-01
1.410000000000000000e+03 3.241298573528056948e-01
1.420000000000000000e+03 3.242969975452180686e-01
1.430000000000000000e+03 3.245493053867525290e-01
1.440000000000000000e+03 3.248869025524300236e-01
1.450000000000000000e+03 3.253095068593742090e-01
1.460000000000000000e+03 3.258164379775042585e-01
1.470000000000000000e+03 3.264066172804006571e-01
1.480000000000000000e+03 3.270785749430887845e-01
1.490000000000000000e+03 3.278304655845439286e-01
1.500000000000000000e+03 3.286600758020246094e-01
1.510000000000000000e+03 3.295648294281677826e-01
1.520000000000000000e+03 3.305418050900968963e-01
1.530000000000000000e+03 3.315877557982940815e-01
1.540000000000000000e+03 3.326991348819522964e-01
1.550000000000000000e+03 3.338721360275823113e-01
1.560000000000000000e+03 3.351027371421815837e-01
1.570000000000000000e+03 3.363867361417357538e-01
1.580000000000000000e+03 3.377197828646129052e-01
1.590000000000000000e+03 3.390974032925518911e-01
1.600000000000000000e+03 3.405150228142730939e-01
1.610000000000000000e+03 3.419679870282792966e-01
1.620000000000000000e+03 3.434515759895948039e-01
1.630000000000000000e+03 3.449610201763486650e-01
1.640000000000000000e+03 3.464915099524497610e-01
1.650000000000000000e+03 3.480381872410172606e-01
1.660000000000000000e+03 3.495961378304217604e-01
1.670000000000000000e+03 3.511603919628716319e-01
1.680000000000000000e+03 3.527259156798628892e-01
1.690000000000000000e+03 3.542876041435836787e-01
1.700000000000000000e+03 3.558402983549848186e-01
1.710000000000000000e+03 3.573788005898945186e-01
1.720000000000000000e+03 3.588978778476983322e-01
1.730000000000000000e+03 3.603922812615969473e-01
1.740000000000000000e+03 3.618567728067643707e-01
1.750000000000000000e+03 3.632861569614467823e-01
1.760000000000000000e+03 3.646753275794318294e-01
1.770000000000000000e+03 3.660193167701119576e-01
1.780000000000000000e+03 3.673133479551658476e-01
1.790000000000000000e+03 3.685528785732308799e-01
1.800000000000000000e+03 3.697336367721540396e-01
1.810000000000000000e+03 3.708516638481268446e-01
1.820000000000000000e+03 3.719033550305851366e-01
1.830000000000000000e+03 3.728854944023782814e-01
1.840000000000000000e+03 3.737952908853550693e-01
1.850000000000000000e+03 3.746304048928505437e-01
1.860000000000000000e+03 3.753889649484824509e-01
1.870000000000000000e+03 3.760695889585332630e-01
1.880000000000000000e+03 3.766714040350005455e-01
1.890000000000000000e+03 3.771940593294935695e-01
1.900000000000000000e+03 3.776377372665144505e-01
1.910000000000000000e+03 3.780031540503161480e-01
1.920000000000000000e+03 3.782915671717851369e-01
1.930000000000000000e+03 3.785047679626166728e-01
1.940000000000000000e+03 3.786450468449569784e-01
1.950000000000000000e+03 3.787151801125293038e-01
1.960000000000000000e+03 3.787184174036100082e-01
1.970000000000000000e+03 3.786584540113930863e-01
1.980000000000000000e+03 3.785394121965223735e-01
1.990000000000000000e+03 3.783658094786611636e-01
2.000000000000000000e+03 3.781425172485632369e-01
2.010000000000000000e+03 3.778747223614564166e-01
2.020000000000000000e+03 3.775678944800857084e-01
2.030000000000000000e+03 3.772277451803780490e-01
2.040000000000000000e+03 3.768601716653249278e-01
2.050000000000000000e+03 3.764712139824608617e-01
2.060000000000000000e+03 3.760670129728940769e-01
2.070000000000000000e+03 3.756537565287924041e-01
2.080000000000000000e+03 3.752376212712492665e-01
2.090000000000000000e+03 3.748247095544680052e-01
2.100000000000000000e+03 3.744209874092242485e-01
2.110000000000000000e+03 3.740322310116900306e-01
2.120000000000000000e+03 3.736639788253222072e-01
2.130000000000000000e+03 3.733214828852768341e-01
2.140000000000000000e+03 3.730096603191724869e-01
2.150000000000000000e+03 3.727330507187979203e-01
2.160000000000000000e+03 3.724957838241141350e-01
2.170000000000000000e+03 3.723015619514575270e-01
2.180000000000000000e+03 3.721536578004502327e-01
2.190000000000000000e+03 3.720549197662859076e-01
2.200000000000000000e+03 3.720077816059550457e-01
2.210000000000000000e+03 3.720142718141666860e-01
2.220000000000000000e+03 3.720760201460496797e-01
2.230000000000000000e+03 3.721942664364829567e-01
2.240000000000000000e+03 3.723698697710143279e-01
2.250000000000000000e+03 3.726033242523936750e-01
2.260000000000000000e+03 3.728947778660620105e-01
2.270000000000000000e+03 3.732440407037624364e-01
2.280000000000000000e+03 3.736505748087516898e-01
2.290000000000000000e+03 3.741134864687876704e-01
2.300000000000000000e+03 3.746315356853430201e-01
2.310000000000000000e+03 3.752031450869954265e-01
2.320000000000000000e+03 3.758264027364854876e-01
2.330000000000000000e+03 3.764990719411200892e-01
2.340000000000000000e+03 3.772186067705847190e-01
2.350000000000000000e+03 3.779821691146788010e-01
2.360000000000000000e+03 3.787866538712623132e-01
2.370000000000000000e+03 3.796287203379792863e-01
2.380000000000000000e+03 3.805048236648174154e-01
2.390000000000000000e+03 3.814112439303568025e-01
2.400000000000000000e+03 3.823441138817360030e-01
2.410000000000000000e+03 3.832994447398842541e-01
2.420000000000000000e+03 3.842731523834175822e-01
2.430000000000000000e+03 3.852610769343662867e-01
2.440000000000000000e+03 3.862589952643580848e-01
2.450000000000000000e+03 3.872626322323381998e-01
2.460000000000000000e+03 3.882676667250665181e-01
2.470000000000000000e+03 3.892697334075382876e-01
2.480000000000000000e+03 3.902644254185922423e-01
2.490000000000000000e+03 3.912473016240656243e-01
2.500000000000000000e+03 3.922138952361537423e-01
2.510000000000000000e+03 3.931597268451291760e-01
2.520000000000000000e+03 3.940803262793558526e-01
2.530000000000000000e+03 3.949712640299727351e-01
2.540000000000000000e+03 3.958281952549231875e-01
2.550000000000000000e+03 3.966469146215508279e-01
2.560000000000000000e+03 3.974234112424120391e-01
2.570000000000000000e+03 3.981539183382158953e-01
2.580000000000000000e+03 3.988349656265918752e-01
2.590000000000000000e+03 3.994634378121556528e-01
2.600000000000000000e+03 4.000366242231066516e-01
2.610000000000000000e+03 4.005522494636257758e-01
2.620000000000000000e+03 4.010084846722776208e-01
2.630000000000000000e+03 4.014039452329298818e-01
2.640000000000000000e+03 4.017376797828814405e-01
2.650000000000000000e+03 4.020091485608687787e-01
2.660000000000000000e+03 4.022181925647119738e-01
2.670000000000000000e+03 4.023650020503414249e-01
2.680000000000000000e+03 4.024500877510750474e-01
2.690000000000000000e+03 4.024742526277386712e-01
2.700000000000000000e+03 4.024385605045776027e-01
2.710000000000000000e+03 4.023443054244287276e-01
2.720000000000000000e+03 4.021929879754885251e-01
2.730000000000000000e+03 4.019862987869551874e-01
2.740000000000000000e+03 4.017261075217885558e-01
2.750000000000000000e+03 4.014144530831616486e-01
2.760000000000000000e+03 4.010535307801931237e-01
2.770000000000000000e+03 4.006456790092942088e-01
2.780000000000000000e+03 4.001933627561461981e-01
2.790000000000000000e+03 3.996991523491998377e-01
2.800000000000000000e+03 3.991657044759472917e-01
2.810000000000000000e+03 3.985957471714591249e-01
2.820000000000000000e+03 3.979920651971071699e-01
2.830000000000000000e+03 3.973574866337173939e-01
2.840000000000000000e+03 3.966948735640064561e-01
2.850000000000000000e+03 3.960071172956978747e-01
2.860000000000000000e+03 3.952971370199785950e-01
2.870000000000000000e+03 3.945678818515067077e-01
2.880000000000000000e+03 3.938223381243600718e-01
2.890000000000000000e+03 3.930635377050985535e-01
2.900000000000000000e+03 3.922945620836763014e-01
2.910000000000000000e+03 3.915185471315718591e-01
2.920000000000000000e+03 3.907386896494579043e-01
2.930000000000000000e+03 3.899582462343332834e-01
2.940000000000000000e+03 3.891805207019780055e-01
2.950000000000000000e+03 3.884088445367515074e-01
2.960000000000000000e+03 3.876465560298385515e-01
2.970000000000000000e+03 3.868969790167280376e-01
2.980000000000000000e+03 3.861633974491180399e-01
2.990000000000000000e+03 3.854490283280678220e-01
3.000000000000000000e+03 3.847569993240959607e-01
3.010000000000000000e+03 3.840903306807450512e-01
3.020000000000000000e+03 3.834519219898483988e-01
3.030000000000000000e+03 3.828445432266704418e-01
3.040000000000000000e+03 3.822708287679280059e-01
3.050000000000000000e+03 3.817332840958471141e-01
3.060000000000000000e+03 3.812342983761335402e-01
3.070000000000000000e+03 3.807761513849955426e-01
3.080000000000000000e+03 3.803610202577789590e-01
3.090000000000000000e+03 3.799909826524386913e-01
3.100000000000000000e+03 3.796680117032372737e-01
3.110000000000000000e+03 3.793939705003663287e-01
3.120000000000000000e+03 3.791706064300917056e-01
3.130000000000000000e+03 3.789995368395063235e-01
3.140000000000000000e+03 3.788822222528145378e-01
3.150000000000000000e+03 3.788199284382976484e-01
3.160000000000000000e+03 3.788136826207648689e-01
3.170000000000000000e+03 3.788642360163045897e-01
3.180000000000000000e+03 3.789720327503438013e-01
3.190000000000000000e+03 3.791371777094635909e-01
3.200000000000000000e+03 3.793594020878791051e-01
3.210000000000000000e+03 3.796380329344354876e-01
3.220000000000000000e+03 3.799719782800378698e-01
3.230000000000000000e+03 3.803597239303951882e-01
3.240000000000000000e+03 3.807993321622030192e-01
3.250000000000000000e+03 3.812884490195024845e-01
3.260000000000000000e+03 3.818243200114976310e-01
3.270000000000000000e+03 3.824038129461595492e-01
3.280000000000000000e+03 3.830234523152895587e-01
3.290000000000000000e+03 3.836794589008720169e-01
3.300000000000000000e+03 3.843677900083600218e-01
3.310000000000000000e+03 3.850841822230318678e-01
3.320000000000000000e+03 3.858241939044429469e-01
3.330000000000000000e+03 3.865832514116204766e-01
3.340000000000000000e+03 3.873567010932741916e-01
3.350000000000000000e+03 3.881398582914920570e-01
3.360000000000000000e+03 3.889280529833876732e-01
3.370000000000000000e+03 3.897166745132103483e-01
3.380000000000000000e+03 3.905012118717246516e-01
3.390000000000000000e+03 3.912772899624183953e-01
3.400000000000000000e+03 3.920407041100083534e-01
3.410000000000000000e+03 3.927874527377505642e-01
3.420000000000000000e+03 3.935137705964598664e-01
3.430000000000000000e+03 3.942161577919979787e-01
3.440000000000000000e+03 3.948914003877136425e-01
3.450000000000000000e+03 3.955365836571385074e-01
3.460000000000000000e+03 3.961491023705200343e-01
3.470000000000000000e+03 3.967266717375543261e-01
3.480000000000000000e+03 3.972673327585111713e-01
3.490000000000000000e+03 3.977694503085081323e-01
3.500000000000000000e+03 3.982317072349780829e-01
3.510000000000000000e+03 3.986530967134142012e-01
3.520000000000000000e+03 3.990329116904304807e-01
3.530000000000000000e+03 3.993707283336019875e-01
3.540000000000000000e+03 3.996663842183235116e-01
3.550000000000000000e+03 3.999199563026902826e-01
3.560000000000000000e+03 4.001317386239995333e-01
3.570000000000000000e+03 4.003022155449776909e-01
3.580000000000000000e+03 4.004320315801597197e-01
3.590000000000000000e+03 4.005219610958006826e-01
3.600000000000000000e+03 4.005728819637970894e-01
3.610000000000000000e+03 4.005857504568793304e-01
3.620000000000000000e+03 4.005615777499928476e-01
3.630000000000000000e+03 4.005014135175433143e-01
3.640000000000000000e+03 4.004063320236269652e-01
3.650000000000000000e+03 4.002774193195929864e-01
3.660000000000000000e+03 4.001157667265382578e-01
3.670000000000000000e+03 3.999224754826298245e-01
3.680000000000000000e+03 3.996986699296722345e-01
3.690000000000000000e+03 3.994455115032669035e-01
3.700000000000000000e+03 3.991642107245812476e-01
3.710000000000000000e+03 3.988560386687295956e-01
3.720000000000000000e+03 3.985223348167896695e-01
3.730000000000000000e+03 3.981645125235719340e-01
3.740000000000000000e+03 3.977840654043576785e-01
3.750000000000000000e+03 3.973825717210595077e-01
3.760000000000000000e+03 3.969616938762748903e-01
3.770000000000000000e+03 3.965231730503245844e-01
3.780000000000000000e+03 3.960688187245566816e-01
3.790000000000000000e+03 3.956004983472366510e-01
3.800000000000000000e+03 3.951201315381704382e-01
3.810000000000000000e+03 3.946296843244559982e-01
3.820000000000000000e+03 3.941311607024551300e-01
3.830000000000000000e+03 3.936265921096892551e-01
3.840000000000000000e+03 3.931180299257281963e-01
3.850000000000000000e+03 3.926075426731757689e-01
3.860000000000000000e+03 3.920972125877527636e-01
3.870000000000000000e+03 3.915891293819604435e-01
3.880000000000000000e+03 3.910853835821545554e-01
3.890000000000000000e+03 3.905880616305828501e-01
3.900000000000000000e+03 3.900992426378141475e-01
3.910000000000000000e+03 3.896209963620893002e-01
3.920000000000000000e+03 3.891553784269025651e-01
3.930000000000000000e+03 3.887044215075954323e-01
3.940000000000000000e+03 3.882701264251091078e-01
3.950000000000000000e+03 3.878544552795744615e-01
3.960000000000000000e+03 3.874593246759810983e-01
3.970000000000000000e+03 3.870865975888618249e-01
3.980000000000000000e+03 3.867380729883870827e-01
3.990000000000000000e+03 3.864154696660172528e-01
4.000000000000000000e+03 3.861204059331045380e-01
4.010000000000000000e+03 3.858543822742970253e-01
4.020000000000000000e+03 3.856187778221845108e-01
4.030000000000000000e+03 3.854148363983249670e-01
4.040000000000000000e+03 3.852436473608224499e-01
4.050000000000000000e+03 3.851061317639234427e-01
4.060000000000000000e+03 3.850030334325454384e-01
4.070000000000000000e+03 3.849349105982137753e-01
4.080000000000000000e+03 3.849021247688274028e-01
4.090000000000000000e+03 3.849048401511236395e-01
4.100000000000000000e+03 3.849430246098947128e-01
4.110000000000000000e+03 3.850164433283239651e-01
4.120000000000000000e+03 3.851246590144274951e-01
4.130000000000000000e+03 3.852670425788151665e-01
4.140000000000000000e+03 3.854427898426298627e-01
4.150000000000000000e+03 3.856509324903077962e-01
4.160000000000000000e+03 3.858903473186306998e-01
4.170000000000000000e+03 3.861597794644275328e-01
4.180000000000000000e+03 3.864578699270523332e-01
4.190000000000000000e+03 3.867831704394526504e-01
4.200000000000000000e+03 3.871341586741512408e-01
4.210000000000000000e+03 3.875092527715677249e-01
4.220000000000000000e+03 3.879068271006022028e-01
4.230000000000000000e+03 3.883252360291081784e-01
4.240000000000000000e+03 3.887628262791265610e-01
4.250000000000000000e+03 3.892179410747813040e-01
4.260000000000000000e+03 3.896889295547110721e-01
4.270000000000000000e+03 3.901741572861088247e-01
4.280000000000000000e+03 3.906720113539344785e-01
4.290000000000000000e+03 3.911809065704695554e-01
4.300000000000000000e+03 3.916992958175059547e-01
4.310000000000000000e+03 3.922256782996623170e-01
4.320000000000000000e+03 3.927586040401326861e-01
4.330000000000000000e+03 3.932966799772587563e-01
4.340000000000000000e+03 3.938385781992622126e-01
4.350000000000000000e+03 3.943830454152382203e-01
4.360000000000000000e+03 3.949289107217224815e-01
4.370000000000000000e+03 3.954750888321139635e-01
4.380000000000000000e+03 3.960205813582902135e-01
4.390000000000000000e+03 3.965644765261668869e-01
4.400000000000000000e+03 3.971059454124375998e-01
4.410000000000000000e+03 3.976442341137085834e-01
4.420000000000000000e+03 3.981786536361479056e-01
4.430000000000000000e+03 3.987085698599817096e-01
4.440000000000000000e+03 3.992333921770926386e-01
4.450000000000000000e+03 3.997525596435583251e-01
4.460000000000000000e+03 4.002655277782660725e-01
4.470000000000000000e+03 4.007717604652701882e-01
4.480000000000000000e+03 4.012707219639408129e-01
4.490000000000000000e+03 4.017618677218801060e-01
4.500000000000000000e+03 4.022446416738272856e-01
4.510000000000000000e+03 4.027184800462984549e-01
4.520000000000000000e+03 4.031828126073610519e-01
4.530000000000000000e+03 4.036370645076697850e-01
4.540000000000000000e+03 4.040806590512147078e-01
4.550000000000000000e+03 4.045130184020375719e-01
4.560000000000000000e+03 4.049335712359779516e-01
4.570000000000000000e+03 4.053417561895265586e-01
4.580000000000000000e+03 4.057370181507861662e-01
4.590000000000000000e+03 4.061188105349872735e-01
4.600000000000000000e+03 4.064866045940243033e-01
4.610000000000000000e+03 4.068398798432615315e-01
4.620000000000000000e+03 4.071781200829981406e-01
4.630000000000000000e+03 4.075008167505114187e-01
4.640000000000000000e+03 4.078074608751662278e-01
4.650000000000000000e+03 4.080975412557799054e-01
4.660000000000000000e+03 4.083705500168401947e-01
4.670000000000000000e+03 4.086259813841705002e-01
4.680000000000000000e+03 4.088633285490640978e-01
4.690000000000000000e+03 4.090820805814066041e-01
4.700000000000000000e+03 4.092817341549583321e-01
4.710000000000000000e+03 4.094617987886618460e-01
4.720000000000000000e+03 4.096217884762911043e-01
4.730000000000000000e+03 4.097612205069386948e-01
4.740000000000000000e+03 4.098796230686821418e-01
4.750000000000000000e+03 4.099765354824752017e-01
4.760000000000000000e+03 4.100515041252247306e-01
4.770000000000000000e+03 4.101040819355848965e-01
4.780000000000000000e+03 4.101338264905428077e-01
4.790000000000000000e+03 4.101402952298037197e-01
4.800000000000000000e+03 4.101230424882615910e-01
4.810000000000000000e+03 4.100816213292498569e-01
4.820000000000000000e+03 4.100155897100906666e-01
4.830000000000000000e+03 4.099245096454267046e-01
4.840000000000000000e+03 4.098079431407070650e-01
4.850000000000000000e+03 4.096654543136528104e-01
4.860000000000000000e+03 4.094966195410194576e-01
4.870000000000000000e+03 4.093010345757648882e-01
4.880000000000000000e+03 4.090783151368678761e-01
4.890000000000000000e+03 4.088281063659942594e-01
4.900000000000000000e+03 4.085500968494047980e-01
4.910000000000000000e+03 4.082440270854522657e-01
4.920000000000000000e+03 4.079096981569538816e-01
4.930000000000000000e+03 4.075469856754544984e-01
4.940000000000000000e+03 4.071558521200596137e-01
4.950000000000000000e+03 4.067363540801875454e-01
4.960000000000000000e+03 4.062886505615173616e-01
4.970000000000000000e+03 4.058130160505723505e-01
4.980000000000000000e+03 4.053098481596010272e-01
4.990000000000000000e+03 4.047796644912594055e-01
5.000000000000000000e+03 4.042230979869737006e-01
5.010000000000000000e+03 4.036408924864306469e-01
5.020000000000000000e+03 4.030338958710582564e-01
5.030000000000000000e+03 4.024030497682555274e-01
5.040000000000000000e+03 4.017493782905046662e-01
5.050000000000000000e+03 4.010739760378910224e-01
5.060000000000000000e+03 4.003779957814958546e-01
5.070000000000000000e+03 3.996626398258830148e-01
5.080000000000000000e+03 3.989291552654800066e-01
5.090000000000000000e+03 3.981788321790536989e-01
5.100000000000000000e+03 3.974130045305818149e-01
5.110000000000000000e+03 3.966330531806084858e-01
5.120000000000000000e+03 3.958404087693049300e-01
5.130000000000000000e+03 3.950365546757495516e-01
5.140000000000000000e+03 3.942230313036161338e-01
5.150000000000000000e+03 3.934014402582537429e-01
5.160000000000000000e+03 3.925734462072908437e-01
5.170000000000000000e+03 3.917407751121156356e-01
5.180000000000000000e+03 3.909052112722742889e-01
5.190000000000000000e+03 3.900685944223321600e-01
5.200000000000000000e+03 3.892328164515687083e-01
5.210000000000000000e+03 3.883998187809751257e-01
5.220000000000000000e+03 3.875715887562535822e-01
5.230000000000000000e+03 3.867501537419583690e-01
5.240000000000000000e+03 3.859375758827747194e-01
5.250000000000000000e+03 3.851359494607867751e-01
5.260000000000000000e+03 3.843473980792033173e-01
5.270000000000000000e+03 3.835740677341006322e-01
5.280000000000000000e+03 3.828181170955722856e-01
5.290000000000000000e+03 3.820817073555839993e-01
5.300000000000000000e+03 3.813669903154748853e-01
5.310000000000000000e+03 3.806760941897175954e-01
5.320000000000000000e+03 3.800111087755098094e-01
5.330000000000000000e+03 3.793740709483819917e-01
5.340000000000000000e+03 3.787669504029974044e-01
5.350000000000000000e+03 3.781916358254492350e-01
5.360000000000000000e+03 3.776499218259780633e-01
5.370000000000000000e+03 3.771434966496041152e-01
5.380000000000000000e+03 3.766739302485769270e-01
5.390000000000000000e+03 3.762426625109141498e-01
5.400000000000000000e+03 3.758509904711805349e-01
5.410000000000000000e+03 3.755000539471551879e-01
5.420000000000000000e+03 3.751908219818268497e-01
5.430000000000000000e+03 3.749240814098897534e-01
5.440000000000000000e+03 3.747004261529395808e-01
5.450000000000000000e+03 3.745202461099289559e-01
5.460000000000000000e+03 3.743837168363522983e-01
5.470000000000000000e+03 3.742907908433319997e-01
5.480000000000000000e+03 3.742411900563202831e-01
5.490000000000000000e+03 3.742343997772202835e-01
5.500000000000000000e+03 3.742696641728642248e-01
5.510000000000000000e+03 3.743459827901754466e-01
5.520000000000000000e+03 3.744621091174283323e-01
5.530000000000000000e+03 3.746165527049071242e-01
5.540000000000000000e+03 3.748075840278664028e-01
5.550000000000000000e+03 3.750332405148025794e-01
5.560000000000000000e+03 3.752913340926561370e-01
5.570000000000000000e+03 3.755794631527575311e-01
5.580000000000000000e+03 3.758950313666211684e-01
5.590000000000000000e+03 3.762352726679635273e-01
5.600000000000000000e+03 3.765972801376117896e-01
5.610000000000000000e+03 3.769780380216601334e-01
5.620000000000000000e+03 3.773744576922568039e-01
5.630000000000000000e+03 3.777834167753136296e-01
5.640000000000000000e+03 3.782017982835372272e-01
5.650000000000000000e+03 3.786265280001385736e-01
5.660000000000000000e+03 3.790546103482309026e-01
5.670000000000000000e+03 3.794831620518563930e-01
5.680000000000000000e+03 3.799094416400369822e-01
5.690000000000000000e+03 3.803308739916553272e-01
5.700000000000000000e+03 3.807450699340180766e-01
5.710000000000000000e+03 3.811498397210580369e-01
5.720000000000000000e+03 3.815431979914576943e-01
5.730000000000000000e+03 3.819233586484121479e-01
5.740000000000000000e+03 3.822887218015486588e-01
5.750000000000000000e+03 3.826378547546708253e-01
5.760000000000000000e+03 3.829694658624792081e-01
5.770000000000000000e+03 3.832823726495171446e-01
5.780000000000000000e+03 3.835754685421417509e-01
5.790000000000000000e+03 3.838476920707035167e-01
5.800000000000000000e+03 3.840980029401422913e-01
5.810000000000000000e+03 3.843253700305889753e-01
5.820000000000000000e+03 3.845287745438873972e-01
5.830000000000000000e+03 3.847072283515438618e-01
5.840000000000000000e+03 3.848598056191981365e-01
5.850000000000000000e+03 3.849856841337933044e-01
5.860000000000000000e+03 3.850841910785848254e-01
5.870000000000000000e+03 3.851548476014425293e-01
5.880000000000000000e+03 3.851974071877307670e-01
5.890000000000000000e+03 3.852118832665425985e-01
5.900000000000000000e+03 3.851985629504771635e-01
5.910000000000000000e+03 3.851580071084416690e-01
5.920000000000000000e+03 3.850910395277805098e-01
5.930000000000000000e+03 3.849987280458533889e-01
5.940000000000000000e+03 3.848823606474927606e-01
5.950000000000000000e+03 3.847434195334631379e-01
5.960000000000000000e+03 3.845835556601219785e-01
5.970000000000000000e+03 3.844045654964239334e-01
5.980000000000000000e+03 3.842083708389126828e-01
5.990000000000000000e+03 3.839970010352358742e-01
6.000000000000000000e+03 3.837725759980481488e-01
6.010000000000000000e+03 3.835372888517896706e-01
6.020000000000000000e+03 3.832933877400692690e-01
6.030000000000000000e+03 3.830431567836290463e-01
6.040000000000000000e+03 3.827888960991545630e-01
6.050000000000000000e+03 3.825329000852341621e-01
6.060000000000000000e+03 3.822774339480791705e-01
6.070000000000000000e+03 3.820247096410683829e-01
6.080000000000000000e+03 3.817768629347772502e-01
6.090000000000000000e+03 3.815359333804307918e-01
6.100000000000000000e+03 3.813038492073687613e-01
6.110000000000000000e+03 3.810824186652937984e-01
6.120000000000000000e+03 3.808733272987170349e-01
6.130000000000000000e+03 3.806781395076360708e-01
6.140000000000000000e+03 3.804983028143475443e-01
6.150000000000000000e+03 3.803351529113401241e-01
6.160000000000000000e+03 3.801899178817715330e-01
6.170000000000000000e+03 3.800637208811027401e-01
6.180000000000000000e+03 3.799575805438135667e-01
6.190000000000000000e+03 3.798724090622471183e-01
6.200000000000000000e+03 3.798090084315875470e-01
6.210000000000000000e+03 3.797680649138430731e-01
6.220000000000000000e+03 3.797501410215963213e-01
6.230000000000000000e+03 3.797556643179925695e-01
6.240000000000000000e+03 3.797849129223924147e-01
6.250000000000000000e+03 3.798379990372529047e-01
6.260000000000000000e+03 3.799148526602912357e-01
6.270000000000000000e+03 3.800152078833272107e-01
6.280000000000000000e+03 3.801385948191871589e-01
6.290000000000000000e+03 3.802843402546139395e-01
6.300000000000000000e+03 3.804515790952607834e-01
6.310000000000000000e+03 3.806392761097015520e-01
6.320000000000000000e+03 3.808462553602474099e-01
6.330000000000000000e+03 3.810712344999585000e-01
6.340000000000000000e+03 3.813128604969326374e-01
6.350000000000000000e+03 3.815697428478313502e-01
6.360000000000000000e+03 3.818404819242251502e-01
6.370000000000000000e+03 3.821236915847075477e-01
6.380000000000000000e+03 3.824180156594922941e-01
6.390000000000000000e+03 3.827221389474144142e-01
6.400000000000000000e+03 3.830347941540600543e-01
6.410000000000000000e+03 3.833547657606928838e-01
6.420000000000000000e+03 3.836808905283026760e-01
6.430000000000000000e+03 3.840120550301810987e-01
6.440000000000000000e+03 3.843471903763349684e-01
6.450000000000000000e+03 3.846852633758991447e-01
6.460000000000000000e+03 3.850252637248445797e-01
6.470000000000000000e+03 3.853661887516843798e-01
6.480000000000000000e+03 3.857070279579984939e-01
6.490000000000000000e+03 3.860467484730151222e-01
6.500000000000000000e+03 3.863842825025433636e-01
6.510000000000000000e+03 3.867185186254120666e-01
6.520000000000000000e+03 3.870482991069786327e-01
6.530000000000000000e+03 3.873724263378608978e-01
6.540000000000000000e+03 3.876896811450210589e-01
6.550000000000000000e+03 3.879988529044429146e-01
6.560000000000000000e+03 3.882987797809560604e-01
6.570000000000000000e+03 3.885883974585024880e-01
6.580000000000000000e+03 3.888667906297985088e-01
6.590000000000000000e+03 3.891332372859400146e-01
6.600000000000000000e+03 3.893872376034385741e-01
6.610000000000000000e+03 3.896285205840063215e-01
6.620000000000000000e+03 3.898570224034669796e-01
6.630000000000000000e+03 3.900728358776508475e-01
6.640000000000000000e+03 3.902761359365946592e-01
6.650000000000000000e+03 3.904670898832375836e-01
6.660000000000000000e+03 3.906457665896175824e-01
6.670000000000000000e+03 3.908120608560128884e-01
6.680000000000000000e+03 3.909656477276779452e-01
6.690000000000000000e+03 3.911059792817584979e-01
6.700000000000000000e+03 3.912323283353882353e-01
6.710000000000000000e+03 3.913438733399313141e-01
6.720000000000000000e+03 3.914398107543871630e-01
6.730000000000000000e+03 3.915194725701804934e-01
6.740000000000000000e+03 3.915824227716511730e-01
6.750000000000000000e+03 3.916285102683413899e-01
6.760000000000000000e+03 3.916578620033663305e-01
6.770000000000000000e+03 3.916708109233208446e-01
6.780000000000000000e+03 3.916677693071786703e-01
6.790000000000000000e+03 3.916490710932237773e-01
6.800000000000000000e+03 3.916148155071612624e-01
6.810000000000000000e+03 3.915647468836780387e-01
6.820000000000000000e+03 3.914981999866486984e-01
6.830000000000000000e+03 3.914141278842601657e-01
6.840000000000000000e+03 3.913112133823346550e-01
6.850000000000000000e+03 3.911880485984247091e-01
6.860000000000000000e+03 3.910433514152452106e-01
6.870000000000000000e+03 3.908761749596817991e-01
6.880000000000000000e+03 3.906860638564997323e-01
6.890000000000000000e+03 3.904731245843829912e-01
6.900000000000000000e+03 3.902379975564247983e-01
6.910000000000000000e+03 3.899817370977982089e-01
6.920000000000000000e+03 3.897056277753858100e-01
6.930000000000000000e+03 3.894109816759969145e-01
6.940000000000000000e+03 3.890989605431274811e-01
6.950000000000000000e+03 3.887704607673452828e-01
6.960000000000000000e+03 3.884260868288309521e-01
6.970000000000000000e+03 3.880662141263834242e-01
6.980000000000000000e+03 3.876911189144194303e-01
6.990000000000000000e+03 3.873011407694352259e-01
7.000000000000000000e+03 3.868968383377832665e-01
7.010000000000000000e+03 3.864791002812636433e-01
7.020000000000000000e+03 3.860491842883485014e-01
7.030000000000000000e+03 3.856086762839978643e-01
7.040000000000000000e+03 3.851593823587132204e-01
7.050000000000000000e+03 3.847031797337065462e-01
7.060000000000000000e+03 3.842418611288498376e-01
7.070000000000000000e+03 3.837770088667648571e-01
7.080000000000000000e+03 3.833099274233187637e-01
7.090000000000000000e+03 3.828416500277702639e-01
7.100000000000000000e+03 3.823730188758728277e-01
7.110000000000000000e+03 3.819048218966362707e-01
7.120000000000000000e+03 3.814379567257620840e-01
7.130000000000000000e+03 3.809735834892903905e-01
7.140000000000000000e+03 3.805132301608198930e-01
7.150000000000000000e+03 3.800588266312167618e-01
7.160000000000000000e+03 3.796126582851664377e-01
7.170000000000000000e+03 3.791772468721155143e-01
7.180000000000000000e+03 3.787551827747759337e-01
7.190000000000000000e+03 3.783489416128497096e-01
7.200000000000000000e+03 3.779607182351022998e-01
7.210000000000000000e+03 3.775923046748765888e-01
7.220000000000000000e+03 3.772450309570346549e-01
7.230000000000000000e+03 3.769197765834190750e-01
7.240000000000000000e+03 3.766170475739744616e-01
7.250000000000000000e+03 3.763371004555577382e-01
7.260000000000000000e+03 3.760800785275872360e-01
7.270000000000000000e+03 3.758461234230267012e-01
7.280000000000000000e+03 3.756354468423862003e-01
7.290000000000000000e+03 3.754483647703256710e-01
7.300000000000000000e+03 3.752852949001589944e-01
7.310000000000000000e+03 3.751467117514565852e-01
7.320000000000000000e+03 3.750330653661912428e-01
7.330000000000000000e+03 3.749446858116984305e-01
7.340000000000000000e+03 3.748817013658009567e-01
7.350000000000000000e+03 3.748439764150343079e-01
7.360000000000000000e+03 3.748310737378618418e-01
7.370000000000000000e+03 3.748422558473871180e-01
7.380000000000000000e+03 3.748765213951000264e-01
7.390000000000000000e+03 3.749326680270693157e-01
7.400000000000000000e+03 3.750093900728007634e-01
7.410000000000000000e+03 3.751053997367300719e-01
7.420000000000000000e+03 3.752195295144085674e-01
7.430000000000000000e+03 3.753507985109603151e-01
7.440000000000000000e+03 3.754984438867644547e-01
7.450000000000000000e+03 3.756619025995375227e-01
7.460000000000000000e+03 3.758407364615869994e-01
7.470000000000000000e+03 3.760345180904709483e-01
7.480000000000000000e+03 3.762427011215634387e-01
7.490000000000000000e+03 3.764644950986975602e-01
7.500000000000000000e+03 3.766987697909081612e-01
7.510000000000000000e+03 3.769440153437240704e-01
7.520000000000000000e+03 3.771983693684517469e-01
7.530000000000000000e+03 3.774597033056715234e-01
7.540000000000000000e+03 3.777257612232119421e-01
7.550000000000000000e+03 3.779943368456576969e-01
7.560000000000000000e+03 3.782634488824951902e-01
7.570000000000000000e+03 3.785314732924091041e-01
7.580000000000000000e+03 3.787972079322216024e-01
7.590000000000000000e+03 3.790598674128586865e-01
7.600000000000000000e+03 3.793190164402506781e-01
7.610000000000000000e+03 3.795744488232584701e-01
7.620000000000000000e+03 3.798260358308969686e-01
7.630000000000000000e+03 3.800735714889223460e-01
7.640000000000000000e+03 3.803166439815372502e-01
7.650000000000000000e+03 3.805545579181565663e-01
7.660000000000000000e+03 3.807863131418139924e-01
7.670000000000000000e+03 3.810106424307213024e-01
7.680000000000000000e+03 3.812260967965375724e-01
7.690000000000000000e+03 3.814311532448427799e-01
7.700000000000000000e+03 3.816243341497072561e-01
7.710000000000000000e+03 3.818043238614443613e-01
7.720000000000000000e+03 3.819700492775447986e-01
7.730000000000000000e+03 3.821207121642736793e-01
7.740000000000000000e+03 3.822557819346708019e-01
7.750000000000000000e+03 3.823749645717355872e-01
7.760000000000000000e+03 3.824781496606775022e-01
7.770000000000000000e+03 3.825653422115469215e-01
7.780000000000000000e+03 3.826366105750631519e-01
7.790000000000000000e+03 3.826920504739821371e-01
7.800000000000000000e+03 3.827317724144266298e-01
7.810000000000000000e+03 3.827559211645799042e-01
7.820000000000000000e+03 3.827647037842447642e-01
7.830000000000000000e+03 3.827584381836034444e-01
7.840000000000000000e+03 3.827375897902055013e-01
7.850000000000000000e+03 3.827027723198674347e-01
7.860000000000000000e+03 3.826547499669950558e-01
7.870000000000000000e+03 3.825944362102966512e-01
7.880000000000000000e+03 3.825228808345879639e-01
7.890000000000000000e+03 3.824412555943778602e-01
7.900000000000000000e+03 3.823508235006127243e-01
7.910000000000000000e+03 3.822528868713079286e-01
7.920000000000000000e+03 3.821487359703985009e-01
7.930000000000000000e+03 3.820396135137330007e-01
7.940000000000000000e+03 3.819266846348362554e-01
7.950000000000000000e+03 3.818109987618172885e-01
7.960000000000000000e+03 3.816934725108110382e-01
7.970000000000000000e+03 3.815749094566283639e-01
7.980000000000000000e+03 3.814560218645123846e-01
7.990000000000000000e+03 3.813374594356416236e-01
8.000000000000000000e+03 3.812198733897431691e-01
8.010000000000000000e+03 3.811039267881944914e-01
8.020000000000000000e+03 3.809902653831394037e-01
8.030000000000000000e+03 3.808794756244291424e-01
8.040000000000000000e+03 3.807720606215388437e-01
8.050000000000000000e+03 3.806684048321787306e-01
8.060000000000000000e+03 3.805687134014109629e-01
8.070000000000000000e+03 3.804730106146683166e-01
8.080000000000000000e+03 3.803811899297096510e-01
8.090000000000000000e+03 3.802930230066580153e-01
8.100000000000000000e+03 3.802082370037708769e-01
8.110000000000000000e+03 3.801266219685501269e-01
8.120000000000000000e+03 3.800480883718781455e-01
8.130000000000000000e+03 3.799727318663803088e-01
8.140000000000000000e+03 3.799009046659361233e-01
8.150000000000000000e+03 3.798332173311462223e-01
8.160000000000000000e+03 3.797704322854024706e-01
8.170000000000000000e+03 3.797133622358808136e-01
8.180000000000000000e+03 3.796627701531608556e-01
8.190000000000000000e+03 3.796192589282926244e-01
8.200000000000000000e+03 3.795831898610962929e-01
8.210000000000000000e+03 3.795547061007023548e-01
8.220000000000000000e+03 3.795337353664273161e-01
8.230000000000000000e+03 3.795200305837814758e-01
8.240000000000000000e+03 3.795132867546646693e-01
8.250000000000000000e+03 3.795133261702757776e-01
8.260000000000000000e+03 3.795201537586004314e-01
8.270000000000000000e+03 3.795339816264069466e-01
8.280000000000000000e+03 3.795552746677158806e-01
8.290000000000000000e+03 3.795846787258503885e-01
8.300000000000000000e+03 3.796229760918859997e-01
8.310000000000000000e+03 3.796709973775301838e-01
8.320000000000000000e+03 3.797294127211054415e-01
8.330000000000000000e+03 3.797986558005146396e-01
8.340000000000000000e+03 3.798787435536991053e-01
8.350000000000000000e+03 3.799691510251193560e-01
8.360000000000000000e+03 3.800690890525095234e-01
8.370000000000000000e+03 3.801774985809285856e-01
8.380000000000000000e+03 3.802930256160036437e-01
8.390000000000000000e+03 3.804144818214389989e-01
8.400000000000000000e+03 3.805409650965338453e-01
8.410000000000000000e+03 3.806715280509873622e-01
8.420000000000000000e+03 3.808053438762953324e-01
8.430000000000000000e+03 3.809419440003219415e-01
8.440000000000000000e+03 3.810810161914036098e-01
8.450000000000000000e+03 3.812222651875560309e-01
8.460000000000000000e+03 3.813656518916790361e-01
8.470000000000000000e+03 3.815108832101135605e-01
8.480000000000000000e+03 3.816576856810706131e-01
8.490000000000000000e+03 3.818057527603269663e-01
8.500000000000000000e+03 3.819546007038208679e-01
8.510000000000000000e+03 3.821038833665830192e-01
8.520000000000000000e+03 3.822529850850303612e-01
8.530000000000000000e+03 3.824007934216338001e-01
8.540000000000000000e+03 3.825470961886686672e-01
8.550000000000000000e+03 3.826911875075141301e-01
8.560000000000000000e+03 3.828324752938901399e-01
8.570000000000000000e+03 3.829698288971049025e-01
8.580000000000000000e+03 3.831029155068699232e-01
8.590000000000000000e+03 3.832305574091448008e-01
8.600000000000000000e+03 3.833520285069121902e-01
8.610000000000000000e+03 3.834661772686900894e-01
8.620000000000000000e+03 3.835718260438846783e-01
8.630000000000000000e+03 3.836678513965942061e-01
8.640000000000000000e+03 3.837536839917982112e-01
8.650000000000000000e+03 3.838289774266508969e-01
8.660000000000000000e+03 3.838930354239861731e-01
8.670000000000000000e+03 3.839459389239316955e-01
8.680000000000000000e+03 3.839877697482128038e-01
8.690000000000000000e+03 3.840181395430586342e-01
8.700000000000000000e+03 3.840385455203200182e-01
8.710000000000000000e+03 3.840482140871093186e-01
8.720000000000000000e+03 3.840483749156793358e-01
8.730000000000000000e+03 3.840386642505292936e-01
8.740000000000000000e+03 3.840200804149971892e-01
8.750000000000000000e+03 3.839929004854629735e-01
8.760000000000000000e+03 3.839571088444930225e-01
8.770000000000000000e+03 3.839124077461350537e-01
8.780000000000000000e+03 3.838612918069319035e-01
8.790000000000000000e+03 3.838017863207258129e-01
8.800000000000000000e+03 3.837371840463990047e-01
8.810000000000000000e+03 3.836670404669076384e-01
8.820000000000000000e+03 3.835922519364909355e-01
8.830000000000000000e+03 3.835141128180553638e-01
8.840000000000000000e+03 3.834320252321055666e-01
8.850000000000000000e+03 3.833463969091756018e-01
8.860000000000000000e+03 3.832580233909739786e-01
8.870000000000000000e+03 3.831651480055169312e-01
8.880000000000000000e+03 3.830680508053105893e-01
8.890000000000000000e+03 3.829654348669410679e-01
8.900000000000000000e+03 3.828573685089877165e-01
8.910000000000000000e+03 3.827427105000108520e-01
8.920000000000000000e+03 3.826207589205449788e-01
8.930000000000000000e+03 3.824906617295098510e-01
8.940000000000000000e+03 3.823510437553840347e-01
8.950000000000000000e+03 3.822018328541731402e-01
8.960000000000000000e+03 3.820430283079181422e-01
8.970000000000000000e+03 3.818738219921374855e-01
8.980000000000000000e+03 3.816931926964174937e-01
8.990000000000000000e+03 3.815020595515381530e-01
9.000000000000000000e+03 3.813004658330961805e-01
9.010000000000000000e+03 3.810881076074097429e-01
9.020000000000000000e+03 3.808661060394080700e-01
9.030000000000000000e+03 3.806351722137938376e-01
9.040000000000000000e+03 3.803972733997136868e-01
9.050000000000000000e+03 3.801540166116921804e-01
9.060000000000000000e+03 3.799057283935772800e-01
9.070000000000000000e+03 3.796535348450610359e-01
9.080000000000000000e+03 3.793989629716341683e-01
9.090000000000000000e+03 3.791419646067133442e-01
9.100000000000000000e+03 3.788844531149369033e-01
9.110000000000000000e+03 3.786277738113247859e-01
9.120000000000000000e+03 3.783738781247562022e-01
9.130000000000000000e+03 3.781245078256060821e-01
9.140000000000000000e+03 3.778803073023477843e-01
9.150000000000000000e+03 3.776433618273705162e-01
9.160000000000000000e+03 3.774129347081982555e-01
9.170000000000000000e+03 3.771903630425212373e-01
9.180000000000000000e+03 3.769765052872184330e-01
9.190000000000000000e+03 3.767710818866797373e-01
9.200000000000000000e+03 3.765748167214415520e-01
9.210000000000000000e+03 3.763883655895897684e-01
9.220000000000000000e+03 3.762100051952002033e-01
9.230000000000000000e+03 3.760385477452523606e-01
9.240000000000000000e+03 3.758739511867382199e-01
9.250000000000000000e+03 3.757175113620292439e-01
9.260000000000000000e+03 3.755701247661157316e-01
9.270000000000000000e+03 3.754303314667782332e-01
9.280000000000000000e+03 3.752986896013966733e-01
9.290000000000000000e+03 3.751757359354169208e-01
9.300000000000000000e+03 3.750596703508813912e-01
9.310000000000000000e+03 3.749497364127875043e-01
9.320000000000000000e+03 3.748455385859166267e-01
9.330000000000000000e+03 3.747458920150796846e-01
9.340000000000000000e+03 3.746493889250074316e-01
9.350000000000000000e+03 3.745541931456797813e-01
9.360000000000000000e+03 3.744630641958314743e-01
9.370000000000000000e+03 3.743710058414772557e-01
9.380000000000000000e+03 3.742808021338389635e-01
9.390000000000000000e+03 3.741906801828549511e-01
9.400000000000000000e+03 3.741012406202756102e-01
9.410000000000000000e+03 3.740132359247086424e-01
9.420000000000000000e+03 3.739244032521475969e-01
9.430000000000000000e+03 3.738338599430056086e-01
9.440000000000000000e+03 3.737407362560246082e-01
9.450000000000000000e+03 3.736460430811875955e-01
9.460000000000000000e+03 3.735485922816362825e-01
9.470000000000000000e+03 3.734480279773197964e-01
9.480000000000000000e+03 3.733435801608339100e-01
9.490000000000000000e+03 3.732380319094217858e-01
9.500000000000000000e+03 3.731302125334730047e-01
9.510000000000000000e+03 3.730202054699339742e-01
9.520000000000000000e+03 3.729089054555997929e-01
9.530000000000000000e+03 3.727974498839175532e-01
9.540000000000000000e+03 3.726862092917012648e-01
9.550000000000000000e+03 3.725761841486415760e-01
9.560000000000000000e+03 3.724655672175444243e-01
9.570000000000000000e+03 3.723555707004767568e-01
9.580000000000000000e+03 3.722464078408163624e-01
9.590000000000000000e+03 3.721372107101977855e-01
9.600000000000000000e+03 3.720273290448940506e-01
9.610000000000000000e+03 3.719170581140110454e-01
9.620000000000000000e+03 3.718046792965954417e-01
9.630000000000000000e+03 3.716919838118131203e-01
9.640000000000000000e+03 3.715763282570225812e-01
9.650000000000000000e+03 3.714583193127202754e-01
9.660000000000000000e+03 3.713390881507470653e-01
9.670000000000000000e+03 3.712179775693097983e-01
9.680000000000000000e+03 3.710946804783909481e-01
9.690000000000000000e+03 3.709717023909234745e-01
9.700000000000000000e+03 3.708460555570541328e-01
9.710000000000000000e+03 3.707178628731769843e-01
9.720000000000000000e+03 3.705865913206823903e-01
9.730000000000000000e+03 3.704520594320799276e-01
9.740000000000000000e+03 3.703146143138696389e-01
9.750000000000000000e+03 3.701738035345766287e-01
9.760000000000000000e+03 3.700289288796188569e-01
9.770000000000000000e+03 3.698815475215674331e-01
9.780000000000000000e+03 3.697315157391711793e-01
9.790000000000000000e+03 3.695804569935306483e-01
9.800000000000000000e+03 3.694283296480763146e-01
9.810000000000000000e+03 3.692762975663880787e-01
9.820000000000000000e+03 3.691257992840523694e-01
9.830000000000000000e+03 3.689747341459234109e-01
9.840000000000000000e+03 3.688284149879336171e-01
9.850000000000000000e+03 3.686820065428381699e-01
9.860000000000000000e+03 3.685374296392368576e-01
9.870000000000000000e+03 3.683950608090734158e-01
9.880000000000000000e+03 3.682522013015138151e-01
9.890000000000000000e+03 3.681089206732967578e-01
9.900000000000000000e+03 3.679628558599917221e-01
9.910000000000000000e+03 3.678139926468487753e-01
9.920000000000000000e+03 3.676617725771303968e-01
9.930000000000000000e+03 3.675077603910192892e-01
9.940000000000000000e+03 3.673529508637012331e-01
9.950000000000000000e+03 3.671935913671870444e-01
9.960000000000000000e+03 3.670318141013898527e-01
9.970000000000000000e+03 3.668669310163931718e-01
9.980000000000000000e+03 3.667020854431758403e-01
9.990000000000000000e+03 3.665407831153253970e-01
1.000000000000000000e+04 3.663798550273346666e-01
