Time	Population
0.000000000000000000e+00 4.203308174191228708e-01
1.000000000000000000e+01 4.199409564942440665e-01
2.000000000000000000e+01 4.187875130718188288e-01
3.000000000000000000e+01 4.169213428798393406e-01
4.000000000000000000e+01 4.144236906792657660e-01
5.000000000000000000e+01 4.113996596289123397e-01
6.000000000000000000e+01 4.079705855863164921e-01
7.000000000000000000e+01 4.042660186850547399e-01
8.000000000000000000e+01 4.004160962171901539e-01
9.000000000000000000e+01 3.965449656585882110e-01
1.000000000000000000e+02 3.927656868814641267e-01
1.100000000000000000e+02 3.891767840660241840e-01
1.200000000000000000e+02 3.858603761994665593e-01
1.300000000000000000e+02 3.828816653225469158e-01
1.400000000000000000e+02 3.802894571129363799e-01
1.500000000000000000e+02 3.781173652932368068e-01
1.600000000000000000e+02 3.763853670748049662e-01
1.700000000000000000e+02 3.751014716448192732e-01
1.800000000000000000e+02 3.742633285655465603e-01
1.900000000000000000e+02 3.738596672238853613e-01
2.000000000000000000e+02 3.738715578237231663e-01
2.100000000000000000e+02 3.742735323628277322e-01
2.200000000000000000e+02 3.750345836644740638e-01
2.300000000000000000e+02 3.761191057423963757e-01
2.400000000000000000e+02 3.774878238695252297e-01
2.500000000000000000e+02 3.790987346811640624e-01
2.600000000000000000e+02 3.809080842363518071e-01
2.700000000000000000e+02 3.828713792340707744e-01
2.800000000000000000e+02 3.849443702866360839e-01
2.900000000000000000e+02 3.870840248695910923e-01
3.000000000000000000e+02 3.892494547463309917e-01
3.100000000000000000e+02 3.914027390528967421e-01
3.200000000000000000e+02 3.935096461468344797e-01
3.300000000000000000e+02 3.955402397307352658e-01
3.400000000000000000e+02 3.974692875267519798e-01
3.500000000000000000e+02 3.992765724593407284e-01
3.600000000000000000e+02 4.009469849647413486e-01
3.700000000000000000e+02 4.024704945568086667e-01
3.800000000000000000e+02 4.038419583540727720e-01
3.900000000000000000e+02 4.050607787049443909e-01
4.000000000000000000e+02 4.061303832997746333e-01
4.100000000000000000e+02 4.070576594250081559e-01
4.200000000000000000e+02 4.078522811935022530e-01
4.300000000000000000e+02 4.085259554408743332e-01
4.400000000000000000e+02 4.090916747356691530e-01
4.500000000000000000e+02 4.095629568869437742e-01
4.600000000000000000e+02 4.099530865986422135e-01
4.700000000000000000e+02 4.102744660141270372e-01
4.800000000000000000e+02 4.105380693849869367e-01
4.900000000000000000e+02 4.107529953438486259e-01
5.000000000000000000e+02 4.109261557052468761e-01
5.100000000000000000e+02 4.110620472292506600e-01
5.200000000000000000e+02 4.111626915806637084e-01
5.300000000000000000e+02 4.112277348708368030e-01
5.400000000000000000e+02 4.112546600802032271e-01
5.500000000000000000e+02 4.112390033028717196e-01
5.600000000000000000e+02 4.111746592820889612e-01
5.700000000000000000e+02 4.110543100827387386e-01
5.800000000000000000e+02 4.108698353396258995e-01
5.900000000000000000e+02 4.106127096539681220e-01
6.000000000000000000e+02 4.102743658643663860e-01
6.100000000000000000e+02 4.098465437260851441e-01
6.200000000000000000e+02 4.093216012039614937e-01
6.300000000000000000e+02 4.086927668844226869e-01
6.400000000000000000e+02 4.079543570580412282e-01
6.500000000000000000e+02 4.071019333071851376e-01
6.600000000000000000e+02 4.061323859632652300e-01
6.700000000000000000e+02 4.050439784675023414e-01
6.800000000000000000e+02 4.038363673882187088e-01
6.900000000000000000e+02 4.025105972638487462e-01
7.000000000000000000e+02 4.010690816749418186e-01
7.100000000000000000e+02 3.995155229998648694e-01
7.200000000000000000e+02 3.978548467673566069e-01
7.300000000000000000e+02 3.960931392345250490e-01
7.400000000000000000e+02 3.942375818337152116e-01
7.500000000000000000e+02 3.922963304826745934e-01
7.600000000000000000e+02 3.902785372984877710e-01
7.700000000000000000e+02 3.881942890594915485e-01
7.800000000000000000e+02 3.860545208590790422e-01
7.900000000000000000e+02 3.838709800669755645e-01
8.000000000000000000e+02 3.816561783271404940e-01
8.100000000000000000e+02 3.794233268358869759e-01
8.200000000000000000e+02 3.771862605189665874e-01
8.300000000000000000e+02 3.749593396425145442e-01
8.400000000000000000e+02 3.727573405361307990e-01
8.500000000000000000e+02 3.705952926596823849e-01
8.600000000000000000e+02 3.684883001214299125e-01
8.700000000000000000e+02 3.664513497979067780e-01
8.800000000000000000e+02 3.644990879270061379e-01
8.900000000000000000e+02 3.626455934222108657e-01
9.000000000000000000e+02 3.609041463865341193e-01
9.100000000000000000e+02 3.592869997285130790e-01
9.200000000000000000e+02 3.578051861957673996e-01
9.300000000000000000e+02 3.564683514905412909e-01
9.400000000000000000e+02 3.552846060640175163e-01
9.500000000000000000e+02 3.542604034976078453e-01
9.600000000000000000e+02 3.534004597741063902e-01
9.700000000000000000e+02 3.527077210279028763e-01
9.800000000000000000e+02 3.521833621934904457e-01
9.900000000000000000e+02 3.518268200035714055e-01
1.000000000000000000e+03 3.516358570072052325e-01
1.010000000000000000e+03 3.516066357000360298e-01
1.020000000000000000e+03 3.517338249485276180e-01
1.030000000000000000e+03 3.520107479154476748e-01
1.040000000000000000e+03 3.524295583084992023e-01
1.050000000000000000e+03 3.529814205383691728e-01
1.060000000000000000e+03 3.536567048099109045e-01
1.070000000000000000e+03 3.544451894812625792e-01
1.080000000000000000e+03 3.553362509050544404e-01
1.090000000000000000e+03 3.563190565649607122e-01
1.100000000000000000e+03 3.573827583942200681e-01
1.110000000000000000e+03 3.585166638925129656e-01
1.120000000000000000e+03 3.597103692829792254e-01
1.130000000000000000e+03 3.609538897684115843e-01
1.140000000000000000e+03 3.622377569874907222e-01
1.150000000000000000e+03 3.635530842467702417e-01
1.160000000000000000e+03 3.648916080762089065e-01
1.170000000000000000e+03 3.662457213166813164e-01
1.180000000000000000e+03 3.676084844337121904e-01
1.190000000000000000e+03 3.689736020472575984e-01
1.200000000000000000e+03 3.703353980762267850e-01
1.210000000000000000e+03 3.716887943319118759e-01
1.220000000000000000e+03 3.730292588979692847e-01
1.230000000000000000e+03 3.743527412553144806e-01
1.240000000000000000e+03 3.756556086466247835e-01
1.250000000000000000e+03 3.769345816008856653e-01
1.260000000000000000e+03 3.781866680293296534e-01
1.270000000000000000e+03 3.794090888217652724e-01
1.280000000000000000e+03 3.805991799974902667e-01
1.290000000000000000e+03 3.817542906181760065e-01
1.300000000000000000e+03 3.828717321402757001e-01
1.310000000000000000e+03 3.839487032069311967e-01
1.320000000000000000e+03 3.849822147964697128e-01
1.330000000000000000e+03 3.859690423731095277e-01
1.340000000000000000e+03 3.869056877203931877e-01
1.350000000000000000e+03 3.877883853782588819e-01
1.360000000000000000e+03 3.886131316394119128e-01
1.370000000000000000e+03 3.893757422160982196e-01
1.380000000000000000e+03 3.900719255847482914e-01
1.390000000000000000e+03 3.906973580894877451e-01
1.400000000000000000e+03 3.912477734503223004e-01
1.410000000000000000e+03 3.917190585834734451e-01
1.420000000000000000e+03 3.921073533126427368e-01
1.430000000000000000e+03 3.924091685543865116e-01
1.440000000000000000e+03 3.926214988149835383e-01
1.450000000000000000e+03 3.927419202960506506e-01
1.460000000000000000e+03 3.927686670237209299e-01
1.470000000000000000e+03 3.927007127165208500e-01
1.480000000000000000e+03 3.925378367994059037e-01
1.490000000000000000e+03 3.922806708340821902e-01
1.500000000000000000e+03 3.919307182534955136e-01
1.510000000000000000e+03 3.914903569579282760e-01
1.520000000000000000e+03 3.909628261564617180e-01
1.530000000000000000e+03 3.903521947875073228e-01
1.540000000000000000e+03 3.896633180684511699e-01
1.550000000000000000e+03 3.889017753938920352e-01
1.560000000000000000e+03 3.880737771046295914e-01
1.570000000000000000e+03 3.871860426445438708e-01
1.580000000000000000e+03 3.862456667299087876e-01
1.590000000000000000e+03 3.852600096847522693e-01
1.600000000000000000e+03 3.842366028233685227e-01
1.610000000000000000e+03 3.831830415580442795e-01
1.620000000000000000e+03 3.821068882305872494e-01
1.630000000000000000e+03 3.810155748662181763e-01
1.640000000000000000e+03 3.799162994545070560e-01
1.650000000000000000e+03 3.788159376988363691e-01
1.660000000000000000e+03 3.777209849531370511e-01
1.670000000000000000e+03 3.766375164493686589e-01
1.680000000000000000e+03 3.755711532352345450e-01
1.690000000000000000e+03 3.745270401664225202e-01
1.700000000000000000e+03 3.735098564697205137e-01
1.710000000000000000e+03 3.725238462352581936e-01
1.720000000000000000e+03 3.715728493770702467e-01
1.730000000000000000e+03 3.706603286587185075e-01
1.740000000000000000e+03 3.697893937958217636e-01
1.750000000000000000e+03 3.689628368421000726e-01
1.760000000000000000e+03 3.681831648721751171e-01
1.770000000000000000e+03 3.674526178885341721e-01
1.780000000000000000e+03 3.667731959962059474e-01
1.790000000000000000e+03 3.661466933248025968e-01
1.800000000000000000e+03 3.655747271495744521e-01
1.810000000000000000e+03 3.650587578634114649e-01
1.820000000000000000e+03 3.646000931054552696e-01
1.830000000000000000e+03 3.641998842082888044e-01
1.840000000000000000e+03 3.638591308840750660e-01
1.850000000000000000e+03 3.635786882000289211e-01
1.860000000000000000e+03 3.633592698801954013e-01
1.870000000000000000e+03 3.632014537182116087e-01
1.880000000000000000e+03 3.631056893561410148e-01
1.890000000000000000e+03 3.630723074550011864e-01
1.900000000000000000e+03 3.631015240992119808e-01
1.910000000000000000e+03 3.631934365587060065e-01
1.920000000000000000e+03 3.633480079741935320e-01
1.930000000000000000e+03 3.635650597997406308e-01
1.940000000000000000e+03 3.638442854827905193e-01
1.950000000000000000e+03 3.641852552129101750e-01
1.960000000000000000e+03 3.645873981206542158e-01
1.970000000000000000e+03 3.650499724825186365e-01
1.980000000000000000e+03 3.655720350973103439e-01
1.990000000000000000e+03 3.661524103236198369e-01
2.000000000000000000e+03 3.667896513185319729e-01
2.010000000000000000e+03 3.674819931695539887e-01
2.020000000000000000e+03 3.682273083017866822e-01
2.030000000000000000e+03 3.690230591201085764e-01
2.040000000000000000e+03 3.698662547176708726e-01
2.050000000000000000e+03 3.707534284625715881e-01
2.060000000000000000e+03 3.716806280316233835e-01
2.070000000000000000e+03 3.726434234002219958e-01
2.080000000000000000e+03 3.736369427270777588e-01
2.090000000000000000e+03 3.746559246293413303e-01
2.100000000000000000e+03 3.756947811646521584e-01
2.110000000000000000e+03 3.767476691689320978e-01
2.120000000000000000e+03 3.778085704543662771e-01
2.130000000000000000e+03 3.788713777926183690e-01
2.140000000000000000e+03 3.799299762373576361e-01
2.150000000000000000e+03 3.809783180495328603e-01
2.160000000000000000e+03 3.820104874848033183e-01
2.170000000000000000e+03 3.830207582663603949e-01
2.180000000000000000e+03 3.840036540046857239e-01
2.190000000000000000e+03 3.849539980342752687e-01
2.200000000000000000e+03 3.858669593193008174e-01
2.210000000000000000e+03 3.867380953745716554e-01
2.220000000000000000e+03 3.875634067229408175e-01
2.230000000000000000e+03 3.883393936003875502e-01
2.240000000000000000e+03 3.890631081766572352e-01
2.250000000000000000e+03 3.897322058028790948e-01
2.260000000000000000e+03 3.903449899974399395e-01
2.270000000000000000e+03 3.909004328057730238e-01
2.280000000000000000e+03 3.913981786045815370e-01
2.290000000000000000e+03 3.918385350495168784e-01
2.300000000000000000e+03 3.922224415805170006e-01
2.310000000000000000e+03 3.925514280177719861e-01
2.320000000000000000e+03 3.928275511623193217e-01
2.330000000000000000e+03 3.930533061450527943e-01
2.340000000000000000e+03 3.932315419598023110e-01
2.350000000000000000e+03 3.933653739224398094e-01
2.360000000000000000e+03 3.934581004516284342e-01
2.370000000000000000e+03 3.935131376355349708e-01
2.380000000000000000e+03 3.935339727865324599e-01
2.390000000000000000e+03 3.935241250732157692e-01
2.400000000000000000e+03 3.934871094572235384e-01
2.410000000000000000e+03 3.934264115468933398e-01
2.420000000000000000e+03 3.933454758775236648e-01
2.430000000000000000e+03 3.932477012631553359e-01
2.440000000000000000e+03 3.931364374689131358e-01
2.450000000000000000e+03 3.930149849991776967e-01
2.460000000000000000e+03 3.928865956781722457e-01
2.470000000000000000e+03 3.927544718712471239e-01
2.480000000000000000e+03 3.926217563027866175e-01
2.490000000000000000e+03 3.924915174608280544e-01
2.500000000000000000e+03 3.923667338963866547e-01
2.510000000000000000e+03 3.922502849431409588e-01
2.520000000000000000e+03 3.921449485817947167e-01
2.530000000000000000e+03 3.920534062448037260e-01
2.540000000000000000e+03 3.919782570982279779e-01
2.550000000000000000e+03 3.919220355224520280e-01
2.560000000000000000e+03 3.918872350854080144e-01
2.570000000000000000e+03 3.918763331258675597e-01
2.580000000000000000e+03 3.918918097494673569e-01
2.590000000000000000e+03 3.919361621315908262e-01
2.600000000000000000e+03 3.920118992791755685e-01
2.610000000000000000e+03 3.921215149625175145e-01
2.620000000000000000e+03 3.922674581088587131e-01
2.630000000000000000e+03 3.924520971100526334e-01
2.640000000000000000e+03 3.926776810778770388e-01
2.650000000000000000e+03 3.929463039057756180e-01
2.660000000000000000e+03 3.932598663480367240e-01
2.670000000000000000e+03 3.936200424962672528e-01
2.680000000000000000e+03 3.940282588562348254e-01
2.690000000000000000e+03 3.944856772912869736e-01
2.700000000000000000e+03 3.949931743654832017e-01
2.710000000000000000e+03 3.955513235140534212e-01
2.720000000000000000e+03 3.961603673432886885e-01
2.730000000000000000e+03 3.968201837867636472e-01
2.740000000000000000e+03 3.975302647279017054e-01
2.750000000000000000e+03 3.982896934611576678e-01
2.760000000000000000e+03 3.990971236542867340e-01
2.770000000000000000e+03 3.999507614650886778e-01
2.780000000000000000e+03 4.008483652533705310e-01
2.790000000000000000e+03 4.017872630366987052e-01
2.800000000000000000e+03 4.027643855894892932e-01
2.810000000000000000e+03 4.037763098641233284e-01
2.820000000000000000e+03 4.048193081868654564e-01
2.830000000000000000e+03 4.058894053728682172e-01
2.840000000000000000e+03 4.069824443647958589e-01
2.850000000000000000e+03 4.080941450246902136e-01
2.860000000000000000e+03 4.092201524610822871e-01
2.870000000000000000e+03 4.103560797474619104e-01
2.880000000000000000e+03 4.114975478756942029e-01
2.890000000000000000e+03 4.126402230209555433e-01
2.900000000000000000e+03 4.137798329516914619e-01
2.910000000000000000e+03 4.149121800533079885e-01
2.920000000000000000e+03 4.160331738869270657e-01
2.930000000000000000e+03 4.171388661313171764e-01
2.940000000000000000e+03 4.182254848290832827e-01
2.950000000000000000e+03 4.192894799083359825e-01
2.960000000000000000e+03 4.203275805279469979e-01
2.970000000000000000e+03 4.213368647124222655e-01
2.980000000000000000e+03 4.223148203717919102e-01
2.990000000000000000e+03 4.232593913988564882e-01
3.000000000000000000e+03 4.241690150677835947e-01
3.010000000000000000e+03 4.250426336722284426e-01
3.020000000000000000e+03 4.258796763538122421e-01
3.030000000000000000e+03 4.266800335561776181e-01
3.040000000000000000e+03 4.274440000852580135e-01
3.050000000000000000e+03 4.281721984119482016e-01
3.060000000000000000e+03 4.288655088585213160e-01
3.070000000000000000e+03 4.295249987252770518e-01
3.080000000000000000e+03 4.301518409977629909e-01
3.090000000000000000e+03 4.307472375778498286e-01
3.100000000000000000e+03 4.313123660405092097e-01
3.110000000000000000e+03 4.318483328222209594e-01
3.120000000000000000e+03 4.323561249859970146e-01
3.130000000000000000e+03 4.328365900465453997e-01
3.140000000000000000e+03 4.332904443896257729e-01
3.150000000000000000e+03 4.337182961873059517e-01
3.160000000000000000e+03 4.341206701510612609e-01
3.170000000000000000e+03 4.344980492951148188e-01
3.180000000000000000e+03 4.348509106497032706e-01
3.190000000000000000e+03 4.351797544440558219e-01
3.200000000000000000e+03 4.354851178660685274e-01
3.210000000000000000e+03 4.357675700185992818e-01
3.220000000000000000e+03 4.360276727009474995e-01
3.230000000000000000e+03 4.362659151543549774e-01
3.240000000000000000e+03 4.364826657935982901e-01
3.250000000000000000e+03 4.366781193952650186e-01
3.260000000000000000e+03 4.368522546603170187e-01
3.270000000000000000e+03 4.370048065506094703e-01
3.280000000000000000e+03 4.371352756815946594e-01
3.290000000000000000e+03 4.372429628422936920e-01
3.300000000000000000e+03 4.373270320169914682e-01
3.310000000000000000e+03 4.373865826448982141e-01
3.320000000000000000e+03 4.374207433400139622e-01
3.330000000000000000e+03 4.374287858450133237e-01
3.340000000000000000e+03 4.374102187869450264e-01
3.350000000000000000e+03 4.373648768036323409e-01
3.360000000000000000e+03 4.372930011955163954e-01
3.370000000000000000e+03 4.371952809846657573e-01
3.380000000000000000e+03 4.370728708384624128e-01
3.390000000000000000e+03 4.369273991501305132e-01
3.400000000000000000e+03 4.367609426810531437e-01
3.410000000000000000e+03 4.365759766534950126e-01
3.420000000000000000e+03 4.363753334010698759e-01
3.430000000000000000e+03 4.361621167777987584e-01
3.440000000000000000e+03 4.359396035684727777e-01
3.450000000000000000e+03 4.357111582443402020e-01
3.460000000000000000e+03 4.354801328179186415e-01
3.470000000000000000e+03 4.352497615379596896e-01
3.480000000000000000e+03 4.350230688537189416e-01
3.490000000000000000e+03 4.348027980640994383e-01
3.500000000000000000e+03 4.345913584341669633e-01
3.510000000000000000e+03 4.343907947669399250e-01
3.520000000000000000e+03 4.342027788014939937e-01
3.530000000000000000e+03 4.340286220840682829e-01
3.540000000000000000e+03 4.338693063029366859e-01
3.550000000000000000e+03 4.337255203299293926e-01
3.560000000000000000e+03 4.335977007126119442e-01
3.570000000000000000e+03 4.334860776965632212e-01
3.580000000000000000e+03 4.333907125424822926e-01
3.590000000000000000e+03 4.333115214294803175e-01
3.600000000000000000e+03 4.332482942839678275e-01
3.610000000000000000e+03 4.332007059065079435e-01
3.620000000000000000e+03 4.331683222127389876e-01
3.630000000000000000e+03 4.331505990254672089e-01
3.640000000000000000e+03 4.331468733799157533e-01
3.650000000000000000e+03 4.331563526919645635e-01
3.660000000000000000e+03 4.331781095186612029e-01
3.670000000000000000e+03 4.332110821843211390e-01
3.680000000000000000e+03 4.332540766406016153e-01
3.690000000000000000e+03 4.333057742995223838e-01
3.700000000000000000e+03 4.333647473464674604e-01
3.710000000000000000e+03 4.334294829211938760e-01
3.720000000000000000e+03 4.334984127256596986e-01
3.730000000000000000e+03 4.335699477755984854e-01
3.740000000000000000e+03 4.336425164417431755e-01
3.750000000000000000e+03 4.337145967768598620e-01
3.760000000000000000e+03 4.337847410630478184e-01
3.770000000000000000e+03 4.338515963792036190e-01
3.780000000000000000e+03 4.339139215497836433e-01
3.790000000000000000e+03 4.339705982122665784e-01
3.800000000000000000e+03 4.340206332611497020e-01
3.810000000000000000e+03 4.340631545505593269e-01
3.820000000000000000e+03 4.340973983330435604e-01
3.830000000000000000e+03 4.341226866436559417e-01
3.840000000000000000e+03 4.341383976120753996e-01
3.850000000000000000e+03 4.341439283191610987e-01
3.860000000000000000e+03 4.341386478043338104e-01
3.870000000000000000e+03 4.341218419554097596e-01
3.880000000000000000e+03 4.340926560173219984e-01
3.890000000000000000e+03 4.340500387336063137e-01
3.900000000000000000e+03 4.339926883098983446e-01
3.910000000000000000e+03 4.339190085210838932e-01
3.920000000000000000e+03 4.338270849089385650e-01
3.930000000000000000e+03 4.337146826515442255e-01
3.940000000000000000e+03 4.335792708530887829e-01
3.950000000000000000e+03 4.334180813439043045e-01
3.960000000000000000e+03 4.332281962577843037e-01
3.970000000000000000e+03 4.330066526193969145e-01
3.980000000000000000e+03 4.327505590553533121e-01
3.990000000000000000e+03 4.324572132118439383e-01
4.000000000000000000e+03 4.321242121684117921e-01
4.010000000000000000e+03 4.317495377249653821e-01
4.020000000000000000e+03 4.313316159790990256e-01
4.030000000000000000e+03 4.308693553757836914e-01
4.040000000000000000e+03 4.303621597294583490e-01
4.050000000000000000e+03 4.298099183478607532e-01
4.060000000000000000e+03 4.292129879334300457e-01
4.070000000000000000e+03 4.285721730711576916e-01
4.080000000000000000e+03 4.278887019963572569e-01
4.090000000000000000e+03 4.271642042326573296e-01
4.100000000000000000e+03 4.264006947029193584e-01
4.110000000000000000e+03 4.256005601089528634e-01
4.120000000000000000e+03 4.247665429415736216e-01
4.130000000000000000e+03 4.239017225255858889e-01
4.140000000000000000e+03 4.230094879467153346e-01
4.150000000000000000e+03 4.220934950030630906e-01
4.160000000000000000e+03 4.211576100065748118e-01
4.170000000000000000e+03 4.202058494846980241e-01
4.180000000000000000e+03 4.192423199414040402e-01
4.190000000000000000e+03 4.182711487860045763e-01
4.200000000000000000e+03 4.172964130733956556e-01
4.210000000000000000e+03 4.163220811106670971e-01
4.220000000000000000e+03 4.153519657612171345e-01
4.230000000000000000e+03 4.143896900269368189e-01
4.240000000000000000e+03 4.134386642767950426e-01
4.250000000000000000e+03 4.125020719449330464e-01
4.260000000000000000e+03 4.115828621761546957e-01
4.270000000000000000e+03 4.106837369446982855e-01
4.280000000000000000e+03 4.098071390225832000e-01
4.290000000000000000e+03 4.089552417574513488e-01
4.300000000000000000e+03 4.081299300242133277e-01
4.310000000000000000e+03 4.073327807830076641e-01
4.320000000000000000e+03 4.065650486318364010e-01
4.330000000000000000e+03 4.058276570106021941e-01
4.340000000000000000e+03 4.051211994245378367e-01
4.350000000000000000e+03 4.044459543071397545e-01
4.360000000000000000e+03 4.038019002672842417e-01
4.370000000000000000e+03 4.031887450545421081e-01
4.380000000000000000e+03 4.026059692273037394e-01
4.390000000000000000e+03 4.020528768172195733e-01
4.400000000000000000e+03 4.015286575630321875e-01
4.410000000000000000e+03 4.010324588637404486e-01
4.420000000000000000e+03 4.005634625147146965e-01
4.430000000000000000e+03 4.001209637384345319e-01
4.440000000000000000e+03 3.997044468719912480e-01
4.450000000000000000e+03 3.993136520818694191e-01
4.460000000000000000e+03 3.989486255821281802e-01
4.470000000000000000e+03 3.986097497223401454e-01
4.480000000000000000e+03 3.982977509611936862e-01
4.490000000000000000e+03 3.980136831086359406e-01
4.500000000000000000e+03 3.977588893459945707e-01
4.510000000000000000e+03 3.975349426625748306e-01
4.520000000000000000e+03 3.973435660185553053e-01
4.530000000000000000e+03 3.971865460648750235e-01
4.540000000000000000e+03 3.970656362481919666e-01
4.550000000000000000e+03 3.969824590421570654e-01
4.560000000000000000e+03 3.969384223279655566e-01
4.570000000000000000e+03 3.969346514064817644e-01
4.580000000000000000e+03 3.969719352997164163e-01
4.590000000000000000e+03 3.970506930562899828e-01
4.600000000000000000e+03 3.971709644581020160e-01
4.610000000000000000e+03 3.973324176120890949e-01
4.620000000000000000e+03 3.975343654752868106e-01
4.630000000000000000e+03 3.977757911960465020e-01
4.640000000000000000e+03 3.980553793097651449e-01
4.650000000000000000e+03 3.983715496935081868e-01
4.660000000000000000e+03 3.987224879935052368e-01
4.670000000000000000e+03 3.991061715651355590e-01
4.680000000000000000e+03 3.995203935625917246e-01
4.690000000000000000e+03 3.999627818761352094e-01
4.700000000000000000e+03 4.004308127494292102e-01
4.710000000000000000e+03 4.009218244374594953e-01
4.720000000000000000e+03 4.014330345375055620e-01
4.730000000000000000e+03 4.019615611271968314e-01
4.740000000000000000e+03 4.025044486209896633e-01
4.750000000000000000e+03 4.030587021153534399e-01
4.760000000000000000e+03 4.036213330148272216e-01
4.770000000000000000e+03 4.041894157213457572e-01
4.780000000000000000e+03 4.047601532380982192e-01
4.790000000000000000e+03 4.053309478587144854e-01
4.800000000000000000e+03 4.058994721691870922e-01
4.810000000000000000e+03 4.064637361983014507e-01
4.820000000000000000e+03 4.070221466430037904e-01
4.830000000000000000e+03 4.075735535125148412e-01
4.840000000000000000e+03 4.081172784842548307e-01
4.850000000000000000e+03 4.086531236327005101e-01
4.860000000000000000e+03 4.091813598979756605e-01
4.870000000000000000e+03 4.097026953577296848e-01
4.880000000000000000e+03 4.102182250729276558e-01
4.890000000000000000e+03 4.107293650005465202e-01
4.900000000000000000e+03 4.112377572878002097e-01
4.910000000000000000e+03 4.117451828990450480e-01
4.920000000000000000e+03 4.122534686448525165e-01
4.930000000000000000e+03 4.127643925277223458e-01
4.940000000000000000e+03 4.132796128064341046e-01
4.950000000000000000e+03 4.138006121949890925e-01
4.960000000000000000e+03 4.143286572476363450e-01
4.970000000000000000e+03 4.148647821320260443e-01
4.980000000000000000e+03 4.154097948198640644e-01
4.990000000000000000e+03 4.159642970785732419e-01
5.000000000000000000e+03 4.165287170143350814e-01
5.010000000000000000e+03 4.171033364825751932e-01
5.020000000000000000e+03 4.176883197052477237e-01
5.030000000000000000e+03 4.182837375682336711e-01
5.040000000000000000e+03 4.188895753717982173e-01
5.050000000000000000e+03 4.195057311170571901e-01
5.060000000000000000e+03 4.201320087999885211e-01
5.070000000000000000e+03 4.207680948205990701e-01
5.080000000000000000e+03 4.214135271635190971e-01
5.090000000000000000e+03 4.220676617226300498e-01
5.100000000000000000e+03 4.227296294003562438e-01
5.110000000000000000e+03 4.233982980874371194e-01
5.120000000000000000e+03 4.240722373460987238e-01
5.130000000000000000e+03 4.247496925209334750e-01
5.140000000000000000e+03 4.254285718712135789e-01
5.150000000000000000e+03 4.261064508397897077e-01
5.160000000000000000e+03 4.267805988629349567e-01
5.170000000000000000e+03 4.274480268727555710e-01
5.180000000000000000e+03 4.281055548822269574e-01
5.190000000000000000e+03 4.287498959461533143e-01
5.200000000000000000e+03 4.293777536635655090e-01
5.210000000000000000e+03 4.299859294279446131e-01
5.220000000000000000e+03 4.305714190893268345e-01
5.230000000000000000e+03 4.311315027656505983e-01
5.240000000000000000e+03 4.316638328055141249e-01
5.250000000000000000e+03 4.321665110210904936e-01
5.260000000000000000e+03 4.326381419840543141e-01
5.270000000000000000e+03 4.330778685469969247e-01
5.280000000000000000e+03 4.334853948061818674e-01
5.290000000000000000e+03 4.338609910883264864e-01
5.300000000000000000e+03 4.342054841329215376e-01
5.310000000000000000e+03 4.345202324698024809e-01
5.320000000000000000e+03 4.348070866095150033e-01
5.330000000000000000e+03 4.350683371458337056e-01
5.340000000000000000e+03 4.353066515717641249e-01
5.350000000000000000e+03 4.355250022478846517e-01
5.360000000000000000e+03 4.357265891776153643e-01
5.370000000000000000e+03 4.359147545530118739e-01
5.380000000000000000e+03 4.360928937024238228e-01
5.390000000000000000e+03 4.362643738474776822e-01
5.400000000000000000e+03 4.364324564856060795e-01
5.410000000000000000e+03 4.366002184091676841e-01
5.420000000000000000e+03 4.367704803317667417e-01
5.430000000000000000e+03 4.369457455955045866e-01
5.440000000000000000e+03 4.371281460211912107e-01
5.450000000000000000e+03 4.373193956549218941e-01
5.460000000000000000e+03 4.375207555162213269e-01
5.470000000000000000e+03 4.377330133261574940e-01
5.480000000000000000e+03 4.379564793371160114e-01
5.490000000000000000e+03 4.381909977135300394e-01
5.500000000000000000e+03 4.384359742937288806e-01
5.510000000000000000e+03 4.386904221657537684e-01
5.520000000000000000e+03 4.389530276597857772e-01
5.530000000000000000e+03 4.392222269588000882e-01
5.540000000000000000e+03 4.394962887572685384e-01
5.550000000000000000e+03 4.397734012275181237e-01
5.560000000000000000e+03 4.400517567811400022e-01
5.570000000000000000e+03 4.403296289322324308e-01
5.580000000000000000e+03 4.406054366699913571e-01
5.590000000000000000e+03 4.408777979329848717e-01
5.600000000000000000e+03 4.411455741113536333e-01
5.610000000000000000e+03 4.414078995486295787e-01
5.620000000000000000e+03 4.416641966472014680e-01
5.630000000000000000e+03 4.419141809612371907e-01
5.640000000000000000e+03 4.421578613695099635e-01
5.650000000000000000e+03 4.423955348049148917e-01
5.660000000000000000e+03 4.426277662580951344e-01
5.670000000000000000e+03 4.428553611321042194e-01
5.680000000000000000e+03 4.430793397260145428e-01
5.690000000000000000e+03 4.433009111294323734e-01
5.700000000000000000e+03 4.435214395522735775e-01
5.710000000000000000e+03 4.437424068287056378e-01
5.720000000000000000e+03 4.439653729977566798e-01
5.730000000000000000e+03 4.441919350952059364e-01
5.740000000000000000e+03 4.444236781507231449e-01
5.750000000000000000e+03 4.446621259519104030e-01
5.760000000000000000e+03 4.449086929718666372e-01
5.770000000000000000e+03 4.451646356134170701e-01
5.780000000000000000e+03 4.454310028529834264e-01
5.790000000000000000e+03 4.457085874001130432e-01
5.800000000000000000e+03 4.459978793031812438e-01
5.810000000000000000e+03 4.462990233948664898e-01
5.820000000000000000e+03 4.466117845141569509e-01
5.830000000000000000e+03 4.469355258469849268e-01
5.840000000000000000e+03 4.472692047431270357e-01
5.850000000000000000e+03 4.476113891767774522e-01
5.860000000000000000e+03 4.479602964592101499e-01
5.870000000000000000e+03 4.483138532444922442e-01
5.880000000000000000e+03 4.486697716146945125e-01
5.890000000000000000e+03 4.490256329579310757e-01
5.900000000000000000e+03 4.493789723189571816e-01
5.910000000000000000e+03 4.497273567649457404e-01
5.920000000000000000e+03 4.500684508827712538e-01
5.930000000000000000e+03 4.504000643460002729e-01
5.940000000000000000e+03 4.507201796372499736e-01
5.950000000000000000e+03 4.510269613306959746e-01
5.960000000000000000e+03 4.513187509705110512e-01
5.970000000000000000e+03 4.515940526840737657e-01
5.980000000000000000e+03 4.518515146812472350e-01
5.990000000000000000e+03 4.520899115672001312e-01
6.000000000000000000e+03 4.523081313824837135e-01
6.010000000000000000e+03 4.525051695751387548e-01
6.020000000000000000e+03 4.526801310834586700e-01
6.030000000000000000e+03 4.528322412040139411e-01
6.040000000000000000e+03 4.529608653828515186e-01
6.050000000000000000e+03 4.530655372646382739e-01
6.060000000000000000e+03 4.531459934696963621e-01
6.070000000000000000e+03 4.532022127260389444e-01
6.080000000000000000e+03 4.532344565338989328e-01
6.090000000000000000e+03 4.532433084696410042e-01
6.100000000000000000e+03 4.532297086421089860e-01
6.110000000000000000e+03 4.531949792281896872e-01
6.120000000000000000e+03 4.531408367599730203e-01
6.130000000000000000e+03 4.530693873610650013e-01
6.140000000000000000e+03 4.529831024516929316e-01
6.150000000000000000e+03 4.528847741504908320e-01
6.160000000000000000e+03 4.527774510781491513e-01
6.170000000000000000e+03 4.526643569375214393e-01
6.180000000000000000e+03 4.525487956753148078e-01
6.190000000000000000e+03 4.524340476822203971e-01
6.200000000000000000e+03 4.523232620597442688e-01
6.210000000000000000e+03 4.522193503089035338e-01
6.220000000000000000e+03 4.521248867545565875e-01
6.230000000000000000e+03 4.520420206648754768e-01
6.240000000000000000e+03 4.519724042705717815e-01
6.250000000000000000e+03 4.519171400809245953e-01
6.260000000000000000e+03 4.518767495848116655e-01
6.270000000000000000e+03 4.518511642449309362e-01
6.280000000000000000e+03 4.518397382390308969e-01
6.290000000000000000e+03 4.518412812386823907e-01
6.300000000000000000e+03 4.518541090662862025e-01
6.310000000000000000e+03 4.518761097712419295e-01
6.320000000000000000e+03 4.519048219609106964e-01
6.330000000000000000e+03 4.519375221620546279e-01
6.340000000000000000e+03 4.519713189919358221e-01
6.350000000000000000e+03 4.520032531399582054e-01
6.360000000000000000e+03 4.520304024945892007e-01
6.370000000000000000e+03 4.520499907337839351e-01
6.380000000000000000e+03 4.520594964791497250e-01
6.390000000000000000e+03 4.520567586725312004e-01
6.400000000000000000e+03 4.520400721657450993e-01
6.410000000000000000e+03 4.520082672107808008e-01
6.420000000000000000e+03 4.519607673713424423e-01
6.430000000000000000e+03 4.518976215253949213e-01
6.440000000000000000e+03 4.518195079736728736e-01
6.450000000000000000e+03 4.517277113442112468e-01
6.460000000000000000e+03 4.516240757361578151e-01
6.470000000000000000e+03 4.515109390112376775e-01
6.480000000000000000e+03 4.513910537040599635e-01
6.490000000000000000e+03 4.512675005418508301e-01
6.500000000000000000e+03 4.511436003777750114e-01
6.510000000000000000e+03 4.510228296063417130e-01
6.520000000000000000e+03 4.509087426313125868e-01
6.530000000000000000e+03 4.508049032513597454e-01
6.540000000000000000e+03 4.507148251147304330e-01
6.550000000000000000e+03 4.506419200208290343e-01
6.560000000000000000e+03 4.505894521821955379e-01
6.570000000000000000e+03 4.505604969912715418e-01
6.580000000000000000e+03 4.505579023380604231e-01
6.590000000000000000e+03 4.505842508987848993e-01
6.600000000000000000e+03 4.506418224609256007e-01
6.610000000000000000e+03 4.507325561415663207e-01
6.620000000000000000e+03 4.508580140333052766e-01
6.630000000000000000e+03 4.510193485967738947e-01
6.640000000000000000e+03 4.512172764709269090e-01
6.650000000000000000e+03 4.514520628402803881e-01
6.660000000000000000e+03 4.517235198003217711e-01
6.670000000000000000e+03 4.520310194932383174e-01
6.680000000000000000e+03 4.523735209105143040e-01
6.690000000000000000e+03 4.527496087465289754e-01
6.700000000000000000e+03 4.531575419578476316e-01
6.710000000000000000e+03 4.535953085289867182e-01
6.720000000000000000e+03 4.540606821472708554e-01
6.730000000000000000e+03 4.545512761400913870e-01
6.740000000000000000e+03 4.550645914316656104e-01
6.750000000000000000e+03 4.555980575065638472e-01
6.760000000000000000e+03 4.561490669397974540e-01
6.770000000000000000e+03 4.567150044978393053e-01
6.780000000000000000e+03 4.572932722180403364e-01
6.790000000000000000e+03 4.578813127160982765e-01
6.800000000000000000e+03 4.584766331673896800e-01
6.810000000000000000e+03 4.590768307599819575e-01
6.820000000000000000e+03 4.596796183966139204e-01
6.830000000000000000e+03 4.602828489267299927e-01
6.840000000000000000e+03 4.608845366359906603e-01
6.850000000000000000e+03 4.614828742719744303e-01
6.860000000000000000e+03 4.620762435877051044e-01
6.870000000000000000e+03 4.626632187036715527e-01
6.880000000000000000e+03 4.632425640041793469e-01
6.890000000000000000e+03 4.638132290372805056e-01
6.900000000000000000e+03 4.643743413736046710e-01
6.910000000000000000e+03 4.649251975223908095e-01
6.920000000000000000e+03 4.654652514172610278e-01
6.930000000000000000e+03 4.659940988413971419e-01
6.940000000000000000e+03 4.665114563258598301e-01
6.950000000000000000e+03 4.670171331893047117e-01
6.960000000000000000e+03 4.675109960244054341e-01
6.970000000000000000e+03 4.679929271532582424e-01
6.980000000000000000e+03 4.684627798734171678e-01
6.990000000000000000e+03 4.689203329313865187e-01
7.000000000000000000e+03 4.693652476957049235e-01
7.010000000000000000e+03 4.697970326474947833e-01
7.020000000000000000e+03 4.702150196090386647e-01
7.030000000000000000e+03 4.706183551805862009e-01
7.040000000000000000e+03 4.710060080769613577e-01
7.050000000000000000e+03 4.713767905395030988e-01
7.060000000000000000e+03 4.717293915727729381e-01
7.070000000000000000e+03 4.720624195060950656e-01
7.080000000000000000e+03 4.723744511331336993e-01
7.090000000000000000e+03 4.726640845604348495e-01
7.100000000000000000e+03 4.729299929068014330e-01
7.110000000000000000e+03 4.731709758509372032e-01
7.120000000000000000e+03 4.733860074373077431e-01
7.130000000000000000e+03 4.735742790875543951e-01
7.140000000000000000e+03 4.737352359796127566e-01
7.150000000000000000e+03 4.738686062799216114e-01
7.160000000000000000e+03 4.739744247698045032e-01
7.170000000000000000e+03 4.740530512931931950e-01
7.180000000000000000e+03 4.741051845373814300e-01
7.190000000000000000e+03 4.741318737840113928e-01
7.200000000000000000e+03 4.741345314891928786e-01
7.210000000000000000e+03 4.741149465176681677e-01
7.220000000000000000e+03 4.740752960281703898e-01
7.230000000000000000e+03 4.740181530088651840e-01
7.240000000000000000e+03 4.739464845629059453e-01
7.250000000000000000e+03 4.738636347905543222e-01
7.260000000000000000e+03 4.737732879068287661e-01
7.270000000000000000e+03 4.736794120770773109e-01
7.280000000000000000e+03 4.735861860864788442e-01
7.290000000000000000e+03 4.734979131206169534e-01
7.300000000000000000e+03 4.734189290372435299e-01
7.310000000000000000e+03 4.733535140938592845e-01
7.320000000000000000e+03 4.733058161616681692e-01
7.330000000000000000e+03 4.732797904013885670e-01
7.340000000000000000e+03 4.732791569073765414e-01
7.350000000000000000e+03 4.733073718082239090e-01
7.360000000000000000e+03 4.733676056618892347e-01
7.370000000000000000e+03 4.734627254498187665e-01
7.380000000000000000e+03 4.735952744371791368e-01
7.390000000000000000e+03 4.737674462108827367e-01
7.400000000000000000e+03 4.739810543690136102e-01
7.410000000000000000e+03 4.742374988028240645e-01
7.420000000000000000e+03 4.745377302792899710e-01
7.430000000000000000e+03 4.748822196131299300e-01
7.440000000000000000e+03 4.752709395876273391e-01
7.450000000000000000e+03 4.757033656676084576e-01
7.460000000000000000e+03 4.761784972191621668e-01
7.470000000000000000e+03 4.766948969517771362e-01
7.480000000000000000e+03 4.772507446786254381e-01
7.490000000000000000e+03 4.778439012043902978e-01
7.500000000000000000e+03 4.784719793840870317e-01
7.510000000000000000e+03 4.791324184202083725e-01
7.520000000000000000e+03 4.798225560010709323e-01
7.530000000000000000e+03 4.805396947095796900e-01
7.540000000000000000e+03 4.812811613922034493e-01
7.550000000000000000e+03 4.820443605414863053e-01
7.560000000000000000e+03 4.828268242927522547e-01
7.570000000000000000e+03 4.836262604981348967e-01
7.580000000000000000e+03 4.844405955548550802e-01
7.590000000000000000e+03 4.852680061603133477e-01
7.600000000000000000e+03 4.861069366649581891e-01
7.610000000000000000e+03 4.869561003399356935e-01
7.620000000000000000e+03 4.878144663675603177e-01
7.630000000000000000e+03 4.886812372227762880e-01
7.640000000000000000e+03 4.895558175872330997e-01
7.650000000000000000e+03 4.904377748643845014e-01
7.660000000000000000e+03 4.913267968323927759e-01
7.670000000000000000e+03 4.922226543264070497e-01
7.680000000000000000e+03 4.931251738437789078e-01
7.690000000000000000e+03 4.940342207493752524e-01
7.700000000000000000e+03 4.949496905253711887e-01
7.710000000000000000e+03 4.958715072518638523e-01
7.720000000000000000e+03 4.967996334076645315e-01
7.730000000000000000e+03 4.977340878898872667e-01
7.740000000000000000e+03 4.986749587160899111e-01
7.750000000000000000e+03 4.996224039062960309e-01
7.760000000000000000e+03 5.005766445786692387e-01
7.770000000000000000e+03 5.015379492104767856e-01
7.780000000000000000e+03 5.025066075102905261e-01
7.790000000000000000e+03 5.034828964781338234e-01
7.800000000000000000e+03 5.044670386712718502e-01
7.810000000000000000e+03 5.054591512418883381e-01
7.820000000000000000e+03 5.064591915745005890e-01
7.830000000000000000e+03 5.074669075191624579e-01
7.840000000000000000e+03 5.084817936533757576e-01
7.850000000000000000e+03 5.095030588711173536e-01
7.860000000000000000e+03 5.105296154283779364e-01
7.870000000000000000e+03 5.115600918292815269e-01
7.880000000000000000e+03 5.125928711695101336e-01
7.890000000000000000e+03 5.136261606532018797e-01
7.900000000000000000e+03 5.146580867679461102e-01
7.910000000000000000e+03 5.156868042372968475e-01
7.920000000000000000e+03 5.167106104362089170e-01
7.930000000000000000e+03 5.177280565989610395e-01
7.940000000000000000e+03 5.187380429965523509e-01
7.950000000000000000e+03 5.197398854309409622e-01
7.960000000000000000e+03 5.207333472237625216e-01
7.970000000000000000e+03 5.217186333285319666e-01
7.980000000000000000e+03 5.226963416564676113e-01
7.990000000000000000e+03 5.236673752500732304e-01
8.000000000000000000e+03 5.246328278670766565e-01
8.010000000000000000e+03 5.255938509175432927e-01
8.020000000000000000e+03 5.265515106282331326e-01
8.030000000000000000e+03 5.275066520927194080e-01
8.040000000000000000e+03 5.284597854095107738e-01
8.050000000000000000e+03 5.294110029053178401e-01
8.060000000000000000e+03 5.303599303771462381e-01
8.070000000000000000e+03 5.313057103972037565e-01
8.080000000000000000e+03 5.322470164067265586e-01
8.090000000000000000e+03 5.331820991417622890e-01
8.100000000000000000e+03 5.341088614784048616e-01
8.110000000000000000e+03 5.350249480685350667e-01
8.120000000000000000e+03 5.359278398583638969e-01
8.130000000000000000e+03 5.368149475561898587e-01
8.140000000000000000e+03 5.376837007605151930e-01
8.150000000000000000e+03 5.385316346337171156e-01
8.160000000000000000e+03 5.393564718000830593e-01
8.170000000000000000e+03 5.401561934747594051e-01
8.180000000000000000e+03 5.409290963719581846e-01
8.190000000000000000e+03 5.416738373339184953e-01
8.200000000000000000e+03 5.423894705115558379e-01
8.210000000000000000e+03 5.430754732270766105e-01
8.220000000000000000e+03 5.437317518447442044e-01
8.230000000000000000e+03 5.443586289028679026e-01
8.240000000000000000e+03 5.449568137651326083e-01
8.250000000000000000e+03 5.455273562550030375e-01
8.260000000000000000e+03 5.460715935656589304e-01
8.270000000000000000e+03 5.465910977819491423e-01
8.280000000000000000e+03 5.470876157637665216e-01
8.290000000000000000e+03 5.475630086829611498e-01
8.300000000000000000e+03 5.480192100122042165e-01
8.310000000000000000e+03 5.484582072916783790e-01
8.320000000000000000e+03 5.488820445575356421e-01
8.330000000000000000e+03 5.492928403214155653e-01
8.340000000000000000e+03 5.496928118732721247e-01
8.350000000000000000e+03 5.500843013241705215e-01
8.360000000000000000e+03 5.504698052691752164e-01
8.370000000000000000e+03 5.508519996062970492e-01
8.380000000000000000e+03 5.512337442364138029e-01
8.390000000000000000e+03 5.516180645213681899e-01
8.400000000000000000e+03 5.520081168195123400e-01
8.410000000000000000e+03 5.524071419415470530e-01
8.420000000000000000e+03 5.528184063016530203e-01
8.430000000000000000e+03 5.532451320532688621e-01
8.440000000000000000e+03 5.536904240610631689e-01
8.450000000000000000e+03 5.541572012422600890e-01
8.460000000000000000e+03 5.546481305853606658e-01
8.470000000000000000e+03 5.551655640829037397e-01
8.480000000000000000e+03 5.557114768793527393e-01
8.490000000000000000e+03 5.562874040463201553e-01
8.500000000000000000e+03 5.568943885467351196e-01
8.510000000000000000e+03 5.575329434152792585e-01
8.520000000000000000e+03 5.582030239094947222e-01
8.530000000000000000e+03 5.589040164027965218e-01
8.540000000000000000e+03 5.596347537005966766e-01
8.550000000000000000e+03 5.603935579943346568e-01
8.560000000000000000e+03 5.611783041736054800e-01
8.570000000000000000e+03 5.619864965664028711e-01
8.580000000000000000e+03 5.628153514245365363e-01
8.590000000000000000e+03 5.636618820743041214e-01
8.600000000000000000e+03 5.645229824564776955e-01
8.610000000000000000e+03 5.653954995190483279e-01
8.620000000000000000e+03 5.662762966912519014e-01
8.630000000000000000e+03 5.671623109419872133e-01
8.640000000000000000e+03 5.680505955168153598e-01
8.650000000000000000e+03 5.689383513591556030e-01
8.660000000000000000e+03 5.698229563749277471e-01
8.670000000000000000e+03 5.707019981942251796e-01
8.680000000000000000e+03 5.715733103806999171e-01
8.690000000000000000e+03 5.724350041743608841e-01
8.700000000000000000e+03 5.732854948216740132e-01
8.710000000000000000e+03 5.741235245430366119e-01
8.720000000000000000e+03 5.749481819169104391e-01
8.730000000000000000e+03 5.757589087925698568e-01
8.740000000000000000e+03 5.765554863440942590e-01
8.750000000000000000e+03 5.773380035981355851e-01
8.760000000000000000e+03 5.781068151020885004e-01
8.770000000000000000e+03 5.788624936006567800e-01
8.780000000000000000e+03 5.796057750832110944e-01
8.790000000000000000e+03 5.803375008114208811e-01
8.800000000000000000e+03 5.810585733748898640e-01
8.810000000000000000e+03 5.817699207536448647e-01
8.820000000000000000e+03 5.824724618937789922e-01
8.830000000000000000e+03 5.831670765313156091e-01
8.840000000000000000e+03 5.838545761242607268e-01
8.850000000000000000e+03 5.845356728975659166e-01
8.860000000000000000e+03 5.852109455857534837e-01
8.870000000000000000e+03 5.858808019157267788e-01
8.880000000000000000e+03 5.865454426996158377e-01
8.890000000000000000e+03 5.872048264550423502e-01
8.900000000000000000e+03 5.878586264285630136e-01
8.910000000000000000e+03 5.885061906465788306e-01
8.920000000000000000e+03 5.891465307336727353e-01
8.930000000000000000e+03 5.897783386005462924e-01
8.940000000000000000e+03 5.904000237977334864e-01
8.950000000000000000e+03 5.910097835670301558e-01
8.960000000000000000e+03 5.916057130662893959e-01
8.970000000000000000e+03 5.921859356591199219e-01
8.980000000000000000e+03 5.927487359128544853e-01
8.990000000000000000e+03 5.932926868981431845e-01
9.000000000000000000e+03 5.938167616125835657e-01
9.010000000000000000e+03 5.943204233641761203e-01
9.020000000000000000e+03 5.948036776055347641e-01
9.030000000000000000e+03 5.952670792475808215e-01
9.040000000000000000e+03 5.957116983796550969e-01
9.050000000000000000e+03 5.961390456874361421e-01
9.060000000000000000e+03 5.965509705168748900e-01
9.070000000000000000e+03 5.969495482524019847e-01
9.080000000000000000e+03 5.973369712943538135e-01
9.090000000000000000e+03 5.977154462377906041e-01
9.100000000000000000e+03 5.980871093154140894e-01
9.110000000000000000e+03 5.984539680391171013e-01
9.120000000000000000e+03 5.988178614325431193e-01
9.130000000000000000e+03 5.991804427858974380e-01
9.140000000000000000e+03 5.995431866451659264e-01
9.150000000000000000e+03 5.999073986459378949e-01
9.160000000000000000e+03 6.002742155228285581e-01
9.170000000000000000e+03 6.006445964285139771e-01
9.180000000000000000e+03 6.010193038073577965e-01
9.190000000000000000e+03 6.013988737995713540e-01
9.200000000000000000e+03 6.017835831692941451e-01
9.210000000000000000e+03 6.021734140643877353e-01
9.220000000000000000e+03 6.025680274080021936e-01
9.230000000000000000e+03 6.029667624418443284e-01
9.240000000000000000e+03 6.033686674363141211e-01
9.250000000000000000e+03 6.037725653794482339e-01
9.260000000000000000e+03 6.041771409937592985e-01
9.270000000000000000e+03 6.045810398158999455e-01
9.280000000000000000e+03 6.049829946932078206e-01
9.290000000000000000e+03 6.053819661695596377e-01
9.300000000000000000e+03 6.057772549413533714e-01
9.310000000000000000e+03 6.061685667511791387e-01
9.320000000000000000e+03 6.065560272248385898e-01
9.330000000000000000e+03 6.069401502362767875e-01
9.340000000000000000e+03 6.073217615027605154e-01
9.350000000000000000e+03 6.077018774731267614e-01
9.360000000000000000e+03 6.080815517993208852e-01
9.370000000000000000e+03 6.084617078637865051e-01
9.380000000000000000e+03 6.088429848507682651e-01
9.390000000000000000e+03 6.092256334088871350e-01
9.400000000000000000e+03 6.096094756239637258e-01
9.410000000000000000e+03 6.099939359793968841e-01
9.420000000000000000e+03 6.103781331664431820e-01
9.430000000000000000e+03 6.107610197402090213e-01
9.440000000000000000e+03 6.111415717410673132e-01
9.450000000000000000e+03 6.115189875476307879e-01
9.460000000000000000e+03 6.118928427097496403e-01
9.470000000000000000e+03 6.122631864454857187e-01
9.480000000000000000e+03 6.126305814307253517e-01
9.490000000000000000e+03 6.129960799298230789e-01
9.500000000000000000e+03 6.133611338301269145e-01
9.510000000000000000e+03 6.137274534517543900e-01
9.520000000000000000e+03 6.140968476298110934e-01
9.530000000000000000e+03 6.144710698122184400e-01
9.540000000000000000e+03 6.148516733314743909e-01
9.550000000000000000e+03 6.152399084068163049e-01
9.560000000000000000e+03 6.156366848750968179e-01
9.570000000000000000e+03 6.160425765026620315e-01
9.580000000000000000e+03 6.164578620961619349e-01
9.590000000000000000e+03 6.168825947378770991e-01
9.600000000000000000e+03 6.173166700042749255e-01
9.610000000000000000e+03 6.177598824507137820e-01
9.620000000000000000e+03 6.182119641067036486e-01
9.630000000000000000e+03 6.186725972175194377e-01
9.640000000000000000e+03 6.191414012197037353e-01
9.650000000000000000e+03 6.196179130021035597e-01
9.660000000000000000e+03 6.201015534463608647e-01
9.670000000000000000e+03 6.205915795807785962e-01
9.680000000000000000e+03 6.210870523451633707e-01
9.690000000000000000e+03 6.215868361823865262e-01
9.700000000000000000e+03 6.220896283971276697e-01
9.710000000000000000e+03 6.225940087398477152e-01
9.720000000000000000e+03 6.230984900394966886e-01
9.730000000000000000e+03 6.236015685419254995e-01
9.740000000000000000e+03 6.241017743998559242e-01
9.750000000000000000e+03 6.245977185524991260e-01
9.760000000000000000e+03 6.250881335213145373e-01
9.770000000000000000e+03 6.255718864396772050e-01
9.780000000000000000e+03 6.260479631657338562e-01
9.790000000000000000e+03 6.265154355804555264e-01
9.800000000000000000e+03 6.269734224659656574e-01
9.810000000000000000e+03 6.274210608126149502e-01
9.820000000000000000e+03 6.278574830092030767e-01
9.830000000000000000e+03 6.282817912958240658e-01
9.840000000000000000e+03 6.286930301362305684e-01
9.850000000000000000e+03 6.290901836143001358e-01
9.860000000000000000e+03 6.294722165037964778e-01
9.870000000000000000e+03 6.298381372487008578e-01
9.880000000000000000e+03 6.301870614862991049e-01
9.890000000000000000e+03 6.305182719919212309e-01
9.900000000000000000e+03 6.308312759217165056e-01
9.910000000000000000e+03 6.311258525564482635e-01
9.920000000000000000e+03 6.314020598471453694e-01
9.930000000000000000e+03 6.316601863819206741e-01
9.940000000000000000e+03 6.319006769716652983e-01
9.950000000000000000e+03 6.321240518669811737e-01
9.960000000000000000e+03 6.323308220069545627e-01
9.970000000000000000e+03 6.325213978804283821e-01
9.980000000000000000e+03 6.326960174596478748e-01
9.990000000000000000e+03 6.328547441407289531e-01
1.000000000000000000e+04 6.329975388482722565e-01
