Time	Population
0.000000000000000000e+00 2.561030512030071371e-01
1.000000000000000000e+01 2.564928934096714630e-01
2.000000000000000000e+01 2.576464113131636258e-01
3.000000000000000000e+01 2.595125788941647915e-01
4.000000000000000000e+01 2.620102296946050791e-01
5.000000000000000000e+01 2.650342594168207944e-01
6.000000000000000000e+01 2.684633316368367217e-01
7.000000000000000000e+01 2.721678966936961208e-01
8.000000000000000000e+01 2.760178172087285886e-01
9.000000000000000000e+01 2.798889452590367366e-01
1.000000000000000000e+02 2.836682213047870826e-01
1.100000000000000000e+02 2.872571215614345697e-01
1.200000000000000000e+02 2.905735261282745840e-01
1.300000000000000000e+02 2.935522293598973875e-01
1.400000000000000000e+02 2.961444216238224847e-01
1.500000000000000000e+02 2.983164911260966501e-01
1.600000000000000000e+02 3.000484597865020198e-01
1.700000000000000000e+02 3.013323192761820368e-01
1.800000000000000000e+02 3.021704286609616652e-01
1.900000000000000000e+02 3.025740651487315858e-01
2.000000000000000000e+02 3.025621468477328602e-01
2.100000000000000000e+02 3.021601420745364530e-01
2.200000000000000000e+02 3.013990480208096900e-01
2.300000000000000000e+02 3.003144790987688495e-01
2.400000000000000000e+02 2.989457192798380958e-01
2.500000000000000000e+02 2.973347614647616211e-01
2.600000000000000000e+02 2.955253445126733158e-01
2.700000000000000000e+02 2.935619612668545764e-01
2.800000000000000000e+02 2.914888557711348693e-01
2.900000000000000000e+02 2.893490432423805325e-01
3.000000000000000000e+02 2.871834093782295594e-01
3.100000000000000000e+02 2.850298717110420488e-01
3.200000000000000000e+02 2.829226670631125873e-01
3.300000000000000000e+02 2.808917347502785100e-01
3.400000000000000000e+02 2.789623105476978782e-01
3.500000000000000000e+02 2.771546210878649830e-01
3.600000000000000000e+02 2.754837882604138644e-01
3.700000000000000000e+02 2.739598605489988459e-01
3.800000000000000000e+02 2.725879844581056144e-01
3.900000000000000000e+02 2.713687716395157823e-01
4.000000000000000000e+02 2.702987891454682323e-01
4.100000000000000000e+02 2.693711465282320194e-01
4.200000000000000000e+02 2.685761725715294923e-01
4.300000000000000000e+02 2.679021497662062989e-01
4.400000000000000000e+02 2.673360962148302877e-01
4.500000000000000000e+02 2.668645324619398629e-01
4.600000000000000000e+02 2.664741882642478465e-01
4.700000000000000000e+02 2.661526483868860704e-01
4.800000000000000000e+02 2.658889153393848570e-01
4.900000000000000000e+02 2.656738701949133974e-01
5.000000000000000000e+02 2.655006152944579534e-01
5.100000000000000000e+02 2.653646583160296224e-01
5.200000000000000000e+02 2.652639638907369202e-01
5.300000000000000000e+02 2.651988821591529377e-01
5.400000000000000000e+02 2.651719608944339002e-01
5.500000000000000000e+02 2.651876808963029020e-01
5.600000000000000000e+02 2.652521268103557039e-01
5.700000000000000000e+02 2.653726013434612452e-01
5.800000000000000000e+02 2.655571990617759393e-01
5.900000000000000000e+02 2.658144481819637028e-01
6.000000000000000000e+02 2.661529167177725808e-01
6.100000000000000000e+02 2.665808628924369317e-01
6.200000000000000000e+02 2.671059293126104572e-01
6.300000000000000000e+02 2.677348614300102958e-01
6.400000000000000000e+02 2.684733233320235612e-01
6.500000000000000000e+02 2.693257707921771771e-01
6.600000000000000000e+02 2.702953440472823932e-01
6.700000000000000000e+02 2.713837948045895732e-01
6.800000000000000000e+02 2.725914553643964400e-01
6.900000000000000000e+02 2.739172600576970096e-01
7.000000000000000000e+02 2.753587995323082405e-01
7.100000000000000000e+02 2.769123743525959136e-01
7.200000000000000000e+02 2.785730559920593374e-01
7.300000000000000000e+02 2.803347653621441893e-01
7.400000000000000000e+02 2.821903299746656990e-01
7.500000000000000000e+02 2.841315638356222695e-01
7.600000000000000000e+02 2.861493292817763323e-01
7.700000000000000000e+02 2.882335712902446279e-01
7.800000000000000000e+02 2.903733569792420477e-01
7.900000000000000000e+02 2.925569357098807832e-01
8.000000000000000000e+02 2.947717952726573998e-01
8.100000000000000000e+02 2.970047175131488859e-01
8.200000000000000000e+02 2.992418493942636815e-01
8.300000000000000000e+02 3.014688059340981940e-01
8.400000000000000000e+02 3.036708033648645721e-01
8.500000000000000000e+02 3.058328159774460486e-01
8.600000000000000000e+02 3.079397473909511462e-01
8.700000000000000000e+02 3.099766203713996693e-01
8.800000000000000000e+02 3.119287943205054647e-01
8.900000000000000000e+02 3.137821982327319015e-01
9.000000000000000000e+02 3.155235593375153580e-01
9.100000000000000000e+02 3.171406156383264063e-01
9.200000000000000000e+02 3.186223226982856649e-01
9.300000000000000000e+02 3.199590365907955536e-01
9.400000000000000000e+02 3.211426595393772621e-01
9.500000000000000000e+02 3.221667514742805882e-01
9.600000000000000000e+02 3.230266043019686117e-01
9.700000000000000000e+02 3.237192723643898540e-01
9.800000000000000000e+02 3.242435769866447437e-01
9.900000000000000000e+02 3.246000801310083284e-01
1.000000000000000000e+03 3.247910297196507923e-01
1.010000000000000000e+03 3.248202752161588602e-01
1.020000000000000000e+03 3.246931419183415879e-01
1.030000000000000000e+03 3.244162842459200058e-01
1.040000000000000000e+03 3.239975361497192674e-01
1.050000000000000000e+03 3.234457288972789613e-01
1.060000000000000000e+03 3.227704964899002493e-01
1.070000000000000000e+03 3.219820750350435024e-01
1.080000000000000000e+03 3.210910926967014967e-01
1.090000000000000000e+03 3.201083799624527271e-01
1.100000000000000000e+03 3.190447812539319861e-01
1.110000000000000000e+03 3.179109937345175330e-01
1.120000000000000000e+03 3.167174134415738362e-01
1.130000000000000000e+03 3.154740165960414067e-01
1.140000000000000000e+03 3.141902667344481093e-01
1.150000000000000000e+03 3.128750428367442771e-01
1.160000000000000000e+03 3.115365971812980583e-01
1.170000000000000000e+03 3.101825357399849992e-01
1.180000000000000000e+03 3.088198187416031915e-01
1.190000000000000000e+03 3.074547552008526363e-01
1.200000000000000000e+03 3.060930125035307148e-01
1.210000000000000000e+03 3.047396657657399643e-01
1.220000000000000000e+03 3.033992555660590118e-01
1.230000000000000000e+03 3.020758389209322048e-01
1.240000000000000000e+03 3.007730441547262767e-01
1.250000000000000000e+03 2.994941366391234427e-01
1.260000000000000000e+03 2.982421020243072318e-01
1.270000000000000000e+03 2.970197374330028062e-01
1.280000000000000000e+03 2.958297259820348302e-01
1.290000000000000000e+03 2.946747063296915048e-01
1.300000000000000000e+03 2.935573564438200833e-01
1.310000000000000000e+03 2.924804789971263697e-01
1.320000000000000000e+03 2.914470706277763612e-01
1.330000000000000000e+03 2.904603726716100676e-01
1.340000000000000000e+03 2.895238841104005867e-01
1.350000000000000000e+03 2.886413604816031597e-01
1.360000000000000000e+03 2.878167884210563465e-01
1.370000000000000000e+03 2.870543425214849842e-01
1.380000000000000000e+03 2.863583211767483649e-01
1.390000000000000000e+03 2.857330599661715986e-01
1.400000000000000000e+03 2.851828394556830126e-01
1.410000000000000000e+03 2.847117835526520868e-01
1.420000000000000000e+03 2.843237420872168908e-01
1.430000000000000000e+03 2.840221861824249738e-01
1.440000000000000000e+03 2.838101119046908538e-01
1.450000000000000000e+03 2.836899487396343233e-01
1.460000000000000000e+03 2.836634612006317391e-01
1.470000000000000000e+03 2.837316686110801234e-01
1.480000000000000000e+03 2.838947870898157477e-01
1.490000000000000000e+03 2.841521879624640534e-01
1.500000000000000000e+03 2.845023691940207211e-01
1.510000000000000000e+03 2.849429482482782605e-01
1.520000000000000000e+03 2.854706794945485737e-01
1.530000000000000000e+03 2.860814888393895528e-01
1.540000000000000000e+03 2.867705184854244527e-01
1.550000000000000000e+03 2.875321911518103346e-01
1.560000000000000000e+03 2.883603091848929156e-01
1.570000000000000000e+03 2.892481717479990500e-01
1.580000000000000000e+03 2.901886957532526790e-01
1.590000000000000000e+03 2.911745184956451293e-01
1.600000000000000000e+03 2.921980927876438594e-01
1.610000000000000000e+03 2.932518019114922492e-01
1.620000000000000000e+03 2.943280736545695331e-01
1.630000000000000000e+03 2.954194853672637011e-01
1.640000000000000000e+03 2.965188525847538004e-01
1.650000000000000000e+03 2.976193042039905201e-01
1.660000000000000000e+03 2.987143500013816344e-01
1.670000000000000000e+03 2.997979244138274657e-01
1.680000000000000000e+03 3.008644098325514715e-01
1.690000000000000000e+03 3.019086508636596444e-01
1.700000000000000000e+03 3.029259559445375283e-01
1.710000000000000000e+03 3.039120760956567913e-01
1.720000000000000000e+03 3.048631738986313788e-01
1.730000000000000000e+03 3.057757945131566180e-01
1.740000000000000000e+03 3.066468323757523540e-01
1.750000000000000000e+03 3.074734969597773815e-01
1.760000000000000000e+03 3.082532871567895683e-01
1.770000000000000000e+03 3.089839692007196326e-01
1.780000000000000000e+03 3.096635411118857650e-01
1.790000000000000000e+03 3.102902003490863869e-01
1.800000000000000000e+03 3.108623263401080195e-01
1.810000000000000000e+03 3.113784676670008356e-01
1.820000000000000000e+03 3.118373274679516749e-01
1.830000000000000000e+03 3.122377531623838354e-01
1.840000000000000000e+03 3.125787361781798279e-01
1.850000000000000000e+03 3.128594102538064803e-01
1.860000000000000000e+03 3.130790465155355862e-01
1.870000000000000000e+03 3.132370523776284443e-01
1.880000000000000000e+03 3.133329693133864446e-01
1.890000000000000000e+03 3.133664693214033292e-01
1.900000000000000000e+03 3.133373577177940295e-01
1.910000000000000000e+03 3.132455709215789530e-01
1.920000000000000000e+03 3.130911646475312282e-01
1.930000000000000000e+03 3.128743069653197595e-01
1.940000000000000000e+03 3.125952854214144039e-01
1.950000000000000000e+03 3.122545206861328526e-01
1.960000000000000000e+03 3.118525851199820398e-01
1.970000000000000000e+03 3.113902280564617708e-01
1.980000000000000000e+03 3.108684006691834201e-01
1.990000000000000000e+03 3.102882835842788456e-01
2.000000000000000000e+03 3.096513229618180207e-01
2.010000000000000000e+03 3.089592745345492442e-01
2.020000000000000000e+03 3.082142557145700068e-01
2.030000000000000000e+03 3.074187994083531494e-01
2.040000000000000000e+03 3.065758965678218595e-01
2.050000000000000000e+03 3.056890177062419056e-01
2.060000000000000000e+03 3.047621160466802426e-01
2.070000000000000000e+03 3.037996187668962067e-01
2.080000000000000000e+03 3.028063999508097681e-01
2.090000000000000000e+03 3.017877277483950738e-01
2.100000000000000000e+03 3.007491925055721382e-01
2.110000000000000000e+03 2.996966339774733701e-01
2.120000000000000000e+03 2.986360661205741951e-01
2.130000000000000000e+03 2.975735965069142286e-01
2.140000000000000000e+03 2.965153411823938101e-01
2.150000000000000000e+03 2.954673448337561403e-01
2.160000000000000000e+03 2.944355188304300652e-01
2.170000000000000000e+03 2.934255854203959291e-01
2.180000000000000000e+03 2.924430194626812529e-01
2.190000000000000000e+03 2.914929976691670865e-01
2.200000000000000000e+03 2.905803503110392372e-01
2.210000000000000000e+03 2.897095179348116445e-01
2.220000000000000000e+03 2.888845025677737599e-01
2.230000000000000000e+03 2.881088128965055839e-01
2.240000000000000000e+03 2.873854018622828410e-01
2.250000000000000000e+03 2.867166111468604228e-01
2.260000000000000000e+03 2.861041359791109406e-01
2.270000000000000000e+03 2.855490091089016302e-01
2.280000000000000000e+03 2.850515870354414227e-01
2.290000000000000000e+03 2.846115544037436385e-01
2.300000000000000000e+03 2.842279608145628633e-01
2.310000000000000000e+03 2.838992713914291199e-01
2.320000000000000000e+03 2.836234344548716479e-01
2.330000000000000000e+03 2.833979640678720990e-01
2.340000000000000000e+03 2.832200193851218684e-01
2.350000000000000000e+03 2.830864876757905879e-01
2.360000000000000000e+03 2.829940625030438750e-01
2.370000000000000000e+03 2.829393175445422681e-01
2.380000000000000000e+03 2.829187637145932910e-01
2.390000000000000000e+03 2.829288880653700877e-01
2.400000000000000000e+03 2.829661824244616430e-01
2.410000000000000000e+03 2.830271654212410670e-01
2.420000000000000000e+03 2.831083947102877030e-01
2.430000000000000000e+03 2.832064707650667201e-01
2.440000000000000000e+03 2.833180392623966815e-01
2.450000000000000000e+03 2.834397930204315963e-01
2.460000000000000000e+03 2.835684751322353758e-01
2.470000000000000000e+03 2.837008828594382859e-01
2.480000000000000000e+03 2.838338776746782144e-01
2.490000000000000000e+03 2.839643931376691910e-01
2.500000000000000000e+03 2.840894485947084158e-01
2.510000000000000000e+03 2.842061627150037073e-01
2.520000000000000000e+03 2.843117587057988893e-01
2.530000000000000000e+03 2.844035556414551413e-01
2.540000000000000000e+03 2.844789560725977662e-01
2.550000000000000000e+03 2.845354274680136353e-01
2.560000000000000000e+03 2.845704725854192874e-01
2.570000000000000000e+03 2.845816044829019842e-01
2.580000000000000000e+03 2.845663324048949283e-01
2.590000000000000000e+03 2.845221532537057785e-01
2.600000000000000000e+03 2.844465599803960298e-01
2.610000000000000000e+03 2.843370631286312178e-01
2.620000000000000000e+03 2.841912192735122633e-01
2.630000000000000000e+03 2.840066664583609235e-01
2.640000000000000000e+03 2.837811596922863999e-01
2.650000000000000000e+03 2.835126086029366443e-01
2.660000000000000000e+03 2.831991164077353185e-01
2.670000000000000000e+03 2.828390106470708432e-01
2.680000000000000000e+03 2.824308645894424430e-01
2.690000000000000000e+03 2.819735201186839291e-01
2.700000000000000000e+03 2.814661047339266364e-01
2.710000000000000000e+03 2.809080443768118274e-01
2.720000000000000000e+03 2.802990931338714686e-01
2.730000000000000000e+03 2.796393679648669917e-01
2.740000000000000000e+03 2.789293687381603770e-01
2.750000000000000000e+03 2.781700052770534892e-01
2.760000000000000000e+03 2.773626270030636332e-01
2.770000000000000000e+03 2.765090365923711935e-01
2.780000000000000000e+03 2.756114833041800050e-01
2.790000000000000000e+03 2.746726435582490522e-01
2.800000000000000000e+03 2.736955894876299533e-01
2.810000000000000000e+03 2.726837489318924002e-01
2.820000000000000000e+03 2.716408545324987545e-01
2.830000000000000000e+03 2.705708788871934445e-01
2.840000000000000000e+03 2.694779725399082393e-01
2.850000000000000000e+03 2.683664115717042664e-01
2.860000000000000000e+03 2.672405472618070710e-01
2.870000000000000000e+03 2.661047599755026472e-01
2.880000000000000000e+03 2.649634311994262803e-01
2.890000000000000000e+03 2.638209058996933143e-01
2.900000000000000000e+03 2.626814644866707349e-01
2.910000000000000000e+03 2.615493000194227258e-01
2.920000000000000000e+03 2.604284913947318425e-01
2.930000000000000000e+03 2.593229827719947811e-01
2.940000000000000000e+03 2.582365482540773249e-01
2.950000000000000000e+03 2.571727345915447160e-01
2.960000000000000000e+03 2.561348073214447796e-01
2.970000000000000000e+03 2.551256886241493604e-01
2.980000000000000000e+03 2.541478958236246810e-01
2.990000000000000000e+03 2.532034881672874382e-01
3.000000000000000000e+03 2.522940261336691914e-01
3.010000000000000000e+03 2.514205635442258169e-01
3.020000000000000000e+03 2.505836746646504243e-01
3.030000000000000000e+03 2.497834763316983953e-01
3.040000000000000000e+03 2.490196757718291798e-01
3.050000000000000000e+03 2.482916470225826344e-01
3.060000000000000000e+03 2.475985074806280051e-01
3.070000000000000000e+03 2.469391913302736441e-01
3.080000000000000000e+03 2.463125264391037295e-01
3.090000000000000000e+03 2.457173079967884255e-01
3.100000000000000000e+03 2.451523583779836313e-01
3.110000000000000000e+03 2.446165758819733582e-01
3.120000000000000000e+03 2.441089769276901800e-01
3.130000000000000000e+03 2.436287124449396657e-01
3.140000000000000000e+03 2.431750625779673936e-01
3.150000000000000000e+03 2.427474204400972835e-01
3.160000000000000000e+03 2.423452622074193652e-01
3.170000000000000000e+03 2.419680993384886458e-01
3.180000000000000000e+03 2.416154481912237972e-01
3.190000000000000000e+03 2.412868064601830786e-01
3.200000000000000000e+03 2.409816384678058476e-01
3.210000000000000000e+03 2.406993804836444206e-01
3.220000000000000000e+03 2.404394741474542019e-01
3.230000000000000000e+03 2.402014286871550497e-01
3.240000000000000000e+03 2.399848757064834970e-01
3.250000000000000000e+03 2.397896187693723535e-01
3.260000000000000000e+03 2.396156750455393780e-01
3.270000000000000000e+03 2.394633039839025035e-01
3.280000000000000000e+03 2.393330022781073874e-01
3.290000000000000000e+03 2.392254690459308664e-01
3.300000000000000000e+03 2.391415451479975973e-01
3.310000000000000000e+03 2.390821389031757283e-01
3.320000000000000000e+03 2.390481229781335204e-01
3.330000000000000000e+03 2.390402205731301521e-01
3.340000000000000000e+03 2.390589195415550039e-01
3.350000000000000000e+03 2.391043899224015445e-01
3.360000000000000000e+03 2.391763993095896157e-01
3.370000000000000000e+03 2.392742619100888812e-01
3.380000000000000000e+03 2.393968240091409461e-01
3.390000000000000000e+03 2.395424616702571119e-01
3.400000000000000000e+03 2.397090970923834163e-01
3.410000000000000000e+03 2.398942401081728959e-01
3.420000000000000000e+03 2.400950494968623339e-01
3.430000000000000000e+03 2.403084215931645673e-01
3.440000000000000000e+03 2.405310803851628820e-01
3.450000000000000000e+03 2.407596648315966370e-01
3.460000000000000000e+03 2.409908246095343043e-01
3.470000000000000000e+03 2.412213271644754742e-01
3.480000000000000000e+03 2.414481498887894040e-01
3.490000000000000000e+03 2.416685466939959837e-01
3.500000000000000000e+03 2.418801074883886182e-01
3.510000000000000000e+03 2.420807919689681731e-01
3.520000000000000000e+03 2.422689316785633651e-01
3.530000000000000000e+03 2.424432158586778407e-01
3.540000000000000000e+03 2.426026653897762342e-01
3.550000000000000000e+03 2.427465917436305298e-01
3.560000000000000000e+03 2.428745524181340487e-01
3.570000000000000000e+03 2.429863145153791371e-01
3.580000000000000000e+03 2.430818211262296691e-01
3.590000000000000000e+03 2.431611593696273443e-01
3.600000000000000000e+03 2.432245373326418769e-01
3.610000000000000000e+03 2.432722772681901457e-01
3.620000000000000000e+03 2.433048124841051818e-01
3.630000000000000000e+03 2.433226864241901100e-01
3.640000000000000000e+03 2.433265597911567490e-01
3.650000000000000000e+03 2.433172229277142662e-01
3.660000000000000000e+03 2.432956030919026791e-01
3.670000000000000000e+03 2.432627629023463856e-01
3.680000000000000000e+03 2.432199002441690905e-01
3.690000000000000000e+03 2.431683400912307558e-01
3.700000000000000000e+03 2.431095133408037734e-01
3.710000000000000000e+03 2.430449311827816705e-01
3.720000000000000000e+03 2.429761575377734628e-01
3.730000000000000000e+03 2.429047767434027727e-01
3.740000000000000000e+03 2.428323581154759325e-01
3.750000000000000000e+03 2.427604238929527702e-01
3.760000000000000000e+03 2.426904234614529476e-01
3.770000000000000000e+03 2.426237118628134237e-01
3.780000000000000000e+03 2.425615314470377926e-01
3.790000000000000000e+03 2.425050010339636075e-01
3.800000000000000000e+03 2.424551136890470138e-01
3.810000000000000000e+03 2.424127415174744671e-01
3.820000000000000000e+03 2.423786479587337339e-01
3.830000000000000000e+03 2.423535090508397716e-01
3.840000000000000000e+03 2.423379442595023359e-01
3.850000000000000000e+03 2.423325562413685685e-01
3.860000000000000000e+03 2.423379780308004827e-01
3.870000000000000000e+03 2.423549263628688999e-01
3.880000000000000000e+03 2.423842581882218739e-01
3.890000000000000000e+03 2.424270265796306389e-01
3.900000000000000000e+03 2.424845334448704759e-01
3.910000000000000000e+03 2.425583735431879606e-01
3.920000000000000000e+03 2.426504609220558606e-01
3.930000000000000000e+03 2.427630307660134379e-01
3.940000000000000000e+03 2.428986127741113998e-01
3.950000000000000000e+03 2.430599731616003845e-01
3.960000000000000000e+03 2.432500283183139933e-01
3.970000000000000000e+03 2.434717392540726721e-01
3.980000000000000000e+03 2.437279964600421178e-01
3.990000000000000000e+03 2.440215042255256261e-01
4.000000000000000000e+03 2.443546684967758953e-01
4.010000000000000000e+03 2.447295097438849099e-01
4.020000000000000000e+03 2.451476014631437383e-01
4.030000000000000000e+03 2.456100334671359187e-01
4.040000000000000000e+03 2.461174010409244994e-01
4.050000000000000000e+03 2.466698131964094320e-01
4.060000000000000000e+03 2.472669110498949552e-01
4.070000000000000000e+03 2.479078899379285050e-01
4.080000000000000000e+03 2.485915238624881729e-01
4.090000000000000000e+03 2.493161854069415317e-01
4.100000000000000000e+03 2.500798605643900219e-01
4.110000000000000000e+03 2.508801627931602773e-01
4.120000000000000000e+03 2.517143493875369509e-01
4.130000000000000000e+03 2.525793426194659075e-01
4.140000000000000000e+03 2.534717569372348933e-01
4.150000000000000000e+03 2.543879378432698513e-01
4.160000000000000000e+03 2.553240163094206427e-01
4.170000000000000000e+03 2.562759715410956596e-01
4.180000000000000000e+03 2.572396961315030484e-01
4.190000000000000000e+03 2.582110649036776784e-01
4.200000000000000000e+03 2.591860034093562137e-01
4.210000000000000000e+03 2.601605448352752314e-01
4.220000000000000000e+03 2.611308757294853455e-01
4.230000000000000000e+03 2.620933715787588936e-01
4.240000000000000000e+03 2.630446198681243297e-01
4.250000000000000000e+03 2.639814355943660429e-01
4.260000000000000000e+03 2.649008706895223386e-01
4.270000000000000000e+03 2.658002220008318095e-01
4.280000000000000000e+03 2.666770443819412861e-01
4.290000000000000000e+03 2.675291660485189515e-01
4.300000000000000000e+03 2.683547043428404222e-01
4.310000000000000000e+03 2.691520827896577428e-01
4.320000000000000000e+03 2.699200456716425722e-01
4.330000000000000000e+03 2.706576663024665153e-01
4.340000000000000000e+03 2.713643496387208032e-01
4.350000000000000000e+03 2.720398211441532599e-01
4.360000000000000000e+03 2.726841031891277245e-01
4.370000000000000000e+03 2.732974877304839012e-01
4.380000000000000000e+03 2.738804947767482512e-01
4.390000000000000000e+03 2.744338196020105758e-01
4.400000000000000000e+03 2.749582709655567503e-01
4.410000000000000000e+03 2.754547004214194517e-01
4.420000000000000000e+03 2.759239254367025773e-01
4.430000000000000000e+03 2.763666511481185362e-01
4.440000000000000000e+03 2.767833946162350789e-01
4.450000000000000000e+03 2.771744165012156591e-01
4.460000000000000000e+03 2.775396713419789885e-01
4.470000000000000000e+03 2.778787778338738246e-01
4.480000000000000000e+03 2.781910093386608662e-01
4.490000000000000000e+03 2.784753106216094620e-01
4.500000000000000000e+03 2.787303369769016381e-01
4.510000000000000000e+03 2.789545154442653052e-01
4.520000000000000000e+03 2.791461215406184637e-01
4.530000000000000000e+03 2.793033688604414921e-01
4.540000000000000000e+03 2.794245062588129880e-01
4.550000000000000000e+03 2.795079106897680465e-01
4.560000000000000000e+03 2.795521741037160224e-01
4.570000000000000000e+03 2.795561735363361056e-01
4.580000000000000000e+03 2.795191198704450875e-01
4.590000000000000000e+03 2.794405922481118520e-01
4.600000000000000000e+03 2.793205503361628206e-01
4.610000000000000000e+03 2.791593270927865689e-01
4.620000000000000000e+03 2.789576107864045196e-01
4.630000000000000000e+03 2.787164183631437031e-01
4.640000000000000000e+03 2.784370638487431160e-01
4.650000000000000000e+03 2.781211263135984768e-01
4.660000000000000000e+03 2.777704203045426867e-01
4.670000000000000000e+03 2.773869690060814519e-01
4.680000000000000000e+03 2.769729797928682791e-01
4.690000000000000000e+03 2.765308255743927357e-01
4.700000000000000000e+03 2.760630308144430001e-01
4.710000000000000000e+03 2.755722567613775320e-01
4.720000000000000000e+03 2.750612841785006202e-01
4.730000000000000000e+03 2.745329935388161058e-01
4.740000000000000000e+03 2.739903403774600066e-01
4.750000000000000000e+03 2.734363202454843655e-01
4.760000000000000000e+03 2.728739220456005143e-01
4.770000000000000000e+03 2.723060707495024713e-01
4.780000000000000000e+03 2.717355625464072388e-01
4.790000000000000000e+03 2.711649952898674831e-01
4.800000000000000000e+03 2.705966969579868819e-01
4.810000000000000000e+03 2.700326578387848842e-01
4.820000000000000000e+03 2.694744716638776127e-01
4.830000000000000000e+03 2.689232901830325151e-01
4.840000000000000000e+03 2.683797929371783964e-01
4.850000000000000000e+03 2.678441777983766592e-01
4.860000000000000000e+03 2.673161729611149839e-01
4.870000000000000000e+03 2.667950689386948682e-01
4.880000000000000000e+03 2.662797655789119200e-01
4.890000000000000000e+03 2.657688485411044410e-01
4.900000000000000000e+03 2.652606782714376776e-01
4.910000000000000000e+03 2.647534703108579968e-01
4.920000000000000000e+03 2.642453996531261562e-01
4.930000000000000000e+03 2.637346890418479362e-01
4.940000000000000000e+03 2.632196814044609479e-01
4.950000000000000000e+03 2.626988980416937181e-01
4.960000000000000000e+03 2.621710738804546859e-01
4.970000000000000000e+03 2.616351725580084442e-01
4.980000000000000000e+03 2.610903827756378970e-01
4.990000000000000000e+03 2.605360992475103665e-01
5.000000000000000000e+03 2.599718952723054088e-01
5.010000000000000000e+03 2.593974916925383400e-01
5.020000000000000000e+03 2.588127221419420643e-01
5.030000000000000000e+03 2.582175168591446801e-01
5.040000000000000000e+03 2.576118919952214426e-01
5.050000000000000000e+03 2.569959487576241597e-01
5.060000000000000000e+03 2.563698836378600632e-01
5.070000000000000000e+03 2.557340085049870093e-01
5.080000000000000000e+03 2.550887861566084602e-01
5.090000000000000000e+03 2.544348634354602900e-01
5.100000000000000000e+03 2.537731077901020371e-01
5.110000000000000000e+03 2.531046482685788690e-01
5.120000000000000000e+03 2.524309142733815459e-01
5.130000000000000000e+03 2.517536617192284165e-01
5.140000000000000000e+03 2.510749846654031781e-01
5.150000000000000000e+03 2.503973086073549847e-01
5.160000000000000000e+03 2.497233637215557078e-01
5.170000000000000000e+03 2.490561382930323586e-01
5.180000000000000000e+03 2.483988119793904548e-01
5.190000000000000000e+03 2.477546714316519461e-01
5.200000000000000000e+03 2.471270122628145549e-01
5.210000000000000000e+03 2.465190336324407372e-01
5.220000000000000000e+03 2.459337416975058144e-01
5.230000000000000000e+03 2.453738564960270541e-01
5.240000000000000000e+03 2.448417244203747178e-01
5.250000000000000000e+03 2.443392430773307922e-01
5.260000000000000000e+03 2.438678092817987419e-01
5.270000000000000000e+03 2.434282812839654031e-01
5.280000000000000000e+03 2.430209548353324811e-01
5.290000000000000000e+03 2.426455591161950365e-01
5.300000000000000000e+03 2.423012667961464695e-01
5.310000000000000000e+03 2.419867183221788842e-01
5.320000000000000000e+03 2.417000620856051274e-01
5.330000000000000000e+03 2.414390063443915269e-01
5.340000000000000000e+03 2.412008828015659578e-01
5.350000000000000000e+03 2.409827230876994408e-01
5.360000000000000000e+03 2.407813297844955958e-01
5.370000000000000000e+03 2.405933596684427800e-01
5.380000000000000000e+03 2.404154155159970996e-01
5.390000000000000000e+03 2.402441299998465951e-01
5.400000000000000000e+03 2.400762427679221100e-01
5.410000000000000000e+03 2.399086775965649232e-01
5.420000000000000000e+03 2.397386135293428089e-01
5.430000000000000000e+03 2.395635460609421286e-01
5.440000000000000000e+03 2.393813430228863559e-01
5.450000000000000000e+03 2.391902906041494525e-01
5.460000000000000000e+03 2.389891269238576810e-01
5.470000000000000000e+03 2.387770627354144914e-01
5.480000000000000000e+03 2.385537882673090804e-01
5.490000000000000000e+03 2.383194610014064685e-01
5.500000000000000000e+03 2.380746748106107591e-01
5.510000000000000000e+03 2.378204157801981633e-01
5.520000000000000000e+03 2.375579992744595859e-01
5.530000000000000000e+03 2.372889914483005402e-01
5.540000000000000000e+03 2.370151239213955097e-01
5.550000000000000000e+03 2.367382070578715192e-01
5.560000000000000000e+03 2.364600471942149285e-01
5.570000000000000000e+03 2.361823697782816367e-01
5.580000000000000000e+03 2.359067550871476182e-01
5.590000000000000000e+03 2.356345863629836224e-01
5.600000000000000000e+03 2.353670035463665267e-01
5.610000000000000000e+03 2.351048719451610258e-01
5.620000000000000000e+03 2.348487673398232667e-01
5.630000000000000000e+03 2.345989724703887447e-01
5.640000000000000000e+03 2.343554789804886129e-01
5.650000000000000000e+03 2.341179906172532743e-01
5.660000000000000000e+03 2.338859428165365184e-01
5.670000000000000000e+03 2.336585321006615368e-01
5.680000000000000000e+03 2.334347396901841898e-01
5.690000000000000000e+03 2.332133545046867484e-01
5.700000000000000000e+03 2.329930090359027539e-01
5.710000000000000000e+03 2.327722212676310298e-01
5.720000000000000000e+03 2.325494357134890167e-01
5.730000000000000000e+03 2.323230573930512022e-01
5.740000000000000000e+03 2.320915003174239266e-01
5.750000000000000000e+03 2.318532398088682389e-01
5.760000000000000000e+03 2.316068611684981848e-01
5.770000000000000000e+03 2.313511080714083235e-01
5.780000000000000000e+03 2.310849312402198097e-01
5.790000000000000000e+03 2.308075378671683442e-01
5.800000000000000000e+03 2.305184383027706618e-01
5.810000000000000000e+03 2.302174880356749054e-01
5.820000000000000000e+03 2.299049223594493152e-01
5.830000000000000000e+03 2.295813781656741992e-01
5.840000000000000000e+03 2.292478981472656774e-01
5.850000000000000000e+03 2.289059142669410685e-01
5.860000000000000000e+03 2.285572089105256943e-01
5.870000000000000000e+03 2.282038549187617726e-01
5.880000000000000000e+03 2.278481397909384032e-01
5.890000000000000000e+03 2.274924820733930375e-01
5.900000000000000000e+03 2.271393469272560139e-01
5.910000000000000000e+03 2.267911674361798302e-01
5.920000000000000000e+03 2.264502789147076200e-01
5.930000000000000000e+03 2.261188713673453199e-01
5.940000000000000000e+03 2.257989619126312408e-01
5.950000000000000000e+03 2.254923856650222214e-01
5.960000000000000000e+03 2.252008009074710493e-01
5.970000000000000000e+03 2.249257033533654526e-01
5.980000000000000000e+03 2.246684444431658323e-01
5.990000000000000000e+03 2.244302489875259488e-01
6.000000000000000000e+03 2.242122282809127787e-01
6.010000000000000000e+03 2.240153863215066654e-01
6.020000000000000000e+03 2.238406178842968497e-01
6.030000000000000000e+03 2.236886977347526673e-01
6.040000000000000000e+03 2.235602607612166837e-01
6.050000000000000000e+03 2.234557738106040525e-01
6.060000000000000000e+03 2.233755008370428841e-01
6.070000000000000000e+03 2.233194636921393139e-01
6.080000000000000000e+03 2.232874013194041107e-01
6.090000000000000000e+03 2.232787303230418796e-01
6.100000000000000000e+03 2.232925105778694741e-01
6.110000000000000000e+03 2.233274199359844836e-01
6.120000000000000000e+03 2.233817421311588280e-01
6.130000000000000000e+03 2.234533714726825160e-01
6.140000000000000000e+03 2.235398368901325983e-01
6.150000000000000000e+03 2.236383463527469861e-01
6.160000000000000000e+03 2.237458510242986143e-01
6.170000000000000000e+03 2.238591267262781126e-01
6.180000000000000000e+03 2.239748689019845085e-01
6.190000000000000000e+03 2.240897965931509528e-01
6.200000000000000000e+03 2.242007603037191599e-01
6.210000000000000000e+03 2.243048483297775120e-01
6.220000000000000000e+03 2.243994862823184000e-01
6.230000000000000000e+03 2.244825248896844816e-01
6.240000000000000000e+03 2.245523118822044528e-01
6.250000000000000000e+03 2.246077446287854940e-01
6.260000000000000000e+03 2.246483015541079764e-01
6.270000000000000000e+03 2.246740513844436293e-01
6.280000000000000000e+03 2.246856405029142856e-01
6.290000000000000000e+03 2.246842600577187710e-01
6.300000000000000000e+03 2.246715951198837713e-01
6.310000000000000000e+03 2.246497584129188707e-01
6.320000000000000000e+03 2.246212117924452079e-01
6.330000000000000000e+03 2.245886788417049418e-01
6.340000000000000000e+03 2.245550508262522116e-01
6.350000000000000000e+03 2.245232868551277627e-01
6.360000000000000000e+03 2.244963088676208418e-01
6.370000000000000000e+03 2.244768931610044427e-01
6.380000000000000000e+03 2.244675612562187228e-01
6.390000000000000000e+03 2.244704744436428201e-01
6.400000000000000000e+03 2.244873380453461797e-01
6.410000000000000000e+03 2.245193217819593245e-01
6.420000000000000000e+03 2.245670019684582464e-01
6.430000000000000000e+03 2.246303296721850751e-01
6.440000000000000000e+03 2.247086265453395737e-01
6.450000000000000000e+03 2.248006076182763324e-01
6.460000000000000000e+03 2.249044279428082660e-01
6.470000000000000000e+03 2.250177485111879983e-01
6.480000000000000000e+03 2.251378157675637537e-01
6.490000000000000000e+03 2.252615483532914020e-01
6.500000000000000000e+03 2.253856251768051600e-01
6.510000000000000000e+03 2.255065700006203544e-01
6.520000000000000000e+03 2.256208290244403059e-01
6.530000000000000000e+03 2.257248393312472623e-01
6.540000000000000000e+03 2.258150880315066000e-01
6.550000000000000000e+03 2.258881636387989056e-01
6.560000000000000000e+03 2.259408018110383443e-01
6.570000000000000000e+03 2.259699269296930046e-01
6.580000000000000000e+03 2.259726909204784473e-01
6.590000000000000000e+03 2.259465108946889511e-01
6.600000000000000000e+03 2.258891070229159526e-01
6.610000000000000000e+03 2.257985406110741833e-01
6.620000000000000000e+03 2.256732503816944180e-01
6.630000000000000000e+03 2.255120845519770489e-01
6.640000000000000000e+03 2.253143265731354095e-01
6.650000000000000000e+03 2.250797110296217929e-01
6.660000000000000000e+03 2.248084259672069318e-01
6.670000000000000000e+03 2.245010999321876421e-01
6.680000000000000000e+03 2.241587745819077215e-01
6.690000000000000000e+03 2.237828651306429661e-01
6.700000000000000000e+03 2.233751116270861481e-01
6.710000000000000000e+03 2.229375245921265125e-01
6.720000000000000000e+03 2.224723288728543136e-01
6.730000000000000000e+03 2.219819099129938522e-01
6.740000000000000000e+03 2.214687659815769150e-01
6.750000000000000000e+03 2.209354675187489014e-01
6.760000000000000000e+03 2.203846224825412037e-01
6.770000000000000000e+03 2.198188469611631057e-01
6.780000000000000000e+03 2.192407398075771618e-01
6.790000000000000000e+03 2.186528590858730359e-01
6.800000000000000000e+03 2.180576982923583818e-01
6.810000000000000000e+03 2.174576611923235703e-01
6.820000000000000000e+03 2.168550357056564792e-01
6.830000000000000000e+03 2.162519689211599427e-01
6.840000000000000000e+03 2.156504456765045985e-01
6.850000000000000000e+03 2.150522723318544771e-01
6.860000000000000000e+03 2.144590669183808196e-01
6.870000000000000000e+03 2.138722557252421275e-01
6.880000000000000000e+03 2.132930746145431655e-01
6.890000000000000000e+03 2.127225734320742911e-01
6.900000000000000000e+03 2.121616232769367449e-01
6.910000000000000000e+03 2.116109266802565780e-01
6.920000000000000000e+03 2.110710301279194456e-01
6.930000000000000000e+03 2.105423392494287504e-01
6.940000000000000000e+03 2.100251386020028643e-01
6.950000000000000000e+03 2.095196189080424654e-01
6.960000000000000000e+03 2.090259127139795781e-01
6.970000000000000000e+03 2.085441363835434658e-01
6.980000000000000000e+03 2.080744354531552376e-01
6.990000000000000000e+03 2.076170304755062812e-01
7.000000000000000000e+03 2.071722596941877603e-01
7.010000000000000000e+03 2.067406142740210451e-01
7.020000000000000000e+03 2.063227618898122451e-01
7.030000000000000000e+03 2.059195555878439166e-01
7.040000000000000000e+03 2.055320268845441112e-01
7.050000000000000000e+03 2.051613641810866862e-01
7.060000000000000000e+03 2.048088787435271285e-01
7.070000000000000000e+03 2.044759613449944335e-01
7.080000000000000000e+03 2.041640332968290006e-01
7.090000000000000000e+03 2.038744949323408606e-01
7.100000000000000000e+03 2.036086731220331791e-01
7.110000000000000000e+03 2.033677694149139681e-01
7.120000000000000000e+03 2.031528111997594199e-01
7.130000000000000000e+03 2.029646083774354903e-01
7.140000000000000000e+03 2.028037168380827371e-01
7.150000000000000000e+03 2.026704087261446685e-01
7.160000000000000000e+03 2.025646491707876196e-01
7.170000000000000000e+03 2.024860790898374008e-01
7.180000000000000000e+03 2.024340013630303581e-01
7.190000000000000000e+03 2.024073682613419245e-01
7.200000000000000000e+03 2.024047691373331848e-01
7.210000000000000000e+03 2.024244172838022826e-01
7.220000000000000000e+03 2.024641369770741328e-01
7.230000000000000000e+03 2.025213550952471298e-01
7.240000000000000000e+03 2.025931033424446248e-01
7.250000000000000000e+03 2.026760360440025277e-01
7.260000000000000000e+03 2.027664668135066017e-01
7.270000000000000000e+03 2.028604252539480679e-01
7.280000000000000000e+03 2.029537316747780651e-01
7.290000000000000000e+03 2.030420840728890119e-01
7.300000000000000000e+03 2.031211493419398384e-01
7.310000000000000000e+03 2.031866501023826821e-01
7.320000000000000000e+03 2.032344396093146988e-01
7.330000000000000000e+03 2.032605613666381150e-01
7.340000000000000000e+03 2.032612932578866938e-01
7.350000000000000000e+03 2.032331781574254204e-01
7.360000000000000000e+03 2.031730451299118834e-01
7.370000000000000000e+03 2.030780275183068917e-01
7.380000000000000000e+03 2.029455828811087548e-01
7.390000000000000000e+03 2.027735175111001764e-01
7.400000000000000000e+03 2.025600171150762352e-01
7.410000000000000000e+03 2.023036820851664419e-01
7.420000000000000000e+03 2.020035627902745656e-01
7.430000000000000000e+03 2.016591889261847848e-01
7.440000000000000000e+03 2.012705868420513466e-01
7.450000000000000000e+03 2.008382796964118810e-01
7.460000000000000000e+03 2.003632675595931334e-01
7.470000000000000000e+03 1.998469884278057385e-01
7.480000000000000000e+03 1.992912638865667052e-01
7.490000000000000000e+03 1.986982337222739925e-01
7.500000000000000000e+03 1.980702841198818120e-01
7.510000000000000000e+03 1.974099743336575064e-01
7.520000000000000000e+03 1.967199654356699690e-01
7.530000000000000000e+03 1.960029536158668373e-01
7.540000000000000000e+03 1.952616101459554443e-01
7.550000000000000000e+03 1.944985279892643693e-01
7.560000000000000000e+03 1.937161721200320319e-01
7.570000000000000000e+03 1.929168323717172506e-01
7.580000000000000000e+03 1.921025823860493531e-01
7.590000000000000000e+03 1.912752490598478017e-01
7.600000000000000000e+03 1.904363942711550239e-01
7.610000000000000000e+03 1.895873097230786342e-01
7.620000000000000000e+03 1.887290263252243694e-01
7.630000000000000000e+03 1.878623384667424123e-01
7.640000000000000000e+03 1.869878392355791286e-01
7.650000000000000000e+03 1.861059607303200691e-01
7.660000000000000000e+03 1.852170148979208342e-01
7.670000000000000000e+03 1.843212314119828388e-01
7.680000000000000000e+03 1.834187874244609662e-01
7.690000000000000000e+03 1.825098248654622168e-01
7.700000000000000000e+03 1.815944551196492507e-01
7.710000000000000000e+03 1.806727542528200614e-01
7.720000000000000000e+03 1.797447532160293127e-01
7.730000000000000000e+03 1.788104269501290811e-01
7.740000000000000000e+03 1.778696848727853719e-01
7.750000000000000000e+03 1.769223674221005738e-01
7.760000000000000000e+03 1.759682524351459110e-01
7.770000000000000000e+03 1.750070705594952980e-01
7.780000000000000000e+03 1.740385294704679398e-01
7.790000000000000000e+03 1.730623487169162256e-01
7.800000000000000000e+03 1.720783045989462967e-01
7.810000000000000000e+03 1.710862809663727668e-01
7.820000000000000000e+03 1.700863223026088389e-01
7.830000000000000000e+03 1.690786845190157539e-01
7.840000000000000000e+03 1.680638776134572576e-01
7.850000000000000000e+03 1.670426955179578621e-01
7.860000000000000000e+03 1.660162275021119238e-01
7.870000000000000000e+03 1.649858447071655132e-01
7.880000000000000000e+03 1.639531595332121283e-01
7.890000000000000000e+03 1.629199597074063866e-01
7.900000000000000000e+03 1.618881175082883261e-01
7.910000000000000000e+03 1.608594790245656825e-01
7.920000000000000000e+03 1.598357472883566444e-01
7.930000000000000000e+03 1.588183719236343217e-01
7.940000000000000000e+03 1.578084542052085593e-01
7.950000000000000000e+03 1.568066783598747183e-01
7.960000000000000000e+03 1.558132790714905347e-01
7.970000000000000000e+03 1.548280496000316586e-01
7.980000000000000000e+03 1.538503913182069083e-01
7.990000000000000000e+03 1.528794005519291954e-01
8.000000000000000000e+03 1.519139843110332011e-01
8.010000000000000000e+03 1.509529938457591647e-01
8.020000000000000000e+03 1.499953643932827596e-01
8.030000000000000000e+03 1.490402485481396311e-01
8.040000000000000000e+03 1.480871319096822569e-01
8.050000000000000000e+03 1.471359207297598670e-01
8.060000000000000000e+03 1.461869936366962663e-01
8.070000000000000000e+03 1.452412154925182830e-01
8.080000000000000000e+03 1.442999169763794221e-01
8.090000000000000000e+03 1.433648457524614728e-01
8.100000000000000000e+03 1.424380946126624081e-01
8.110000000000000000e+03 1.415220148911165432e-01
8.120000000000000000e+03 1.406191241764456479e-01
8.130000000000000000e+03 1.397320128065633604e-01
8.140000000000000000e+03 1.388632517246337073e-01
8.150000000000000000e+03 1.380153054565719239e-01
8.160000000000000000e+03 1.371904530271032541e-01
8.170000000000000000e+03 1.363907179488845767e-01
8.180000000000000000e+03 1.356178084049507182e-01
8.190000000000000000e+03 1.348730696979565935e-01
8.200000000000000000e+03 1.341574496096924196e-01
8.210000000000000000e+03 1.334714745238481104e-01
8.220000000000000000e+03 1.328152397926033734e-01
8.230000000000000000e+03 1.321884196691122393e-01
8.240000000000000000e+03 1.315902973683353849e-01
8.250000000000000000e+03 1.310198109393090615e-01
8.260000000000000000e+03 1.304756095589307552e-01
8.270000000000000000e+03 1.299561163585075674e-01
8.280000000000000000e+03 1.294595907480063646e-01
8.290000000000000000e+03 1.289841794081155457e-01
8.300000000000000000e+03 1.285279523083827091e-01
8.310000000000000000e+03 1.280889230644057519e-01
8.320000000000000000e+03 1.276650492469168507e-01
8.330000000000000000e+03 1.272542146654905004e-01
8.340000000000000000e+03 1.268542027330405442e-01
8.350000000000000000e+03 1.264626669305062290e-01
8.360000000000000000e+03 1.260771033541247532e-01
8.370000000000000000e+03 1.256948326061585741e-01
8.380000000000000000e+03 1.253129968507143699e-01
8.390000000000000000e+03 1.249285739727097888e-01
8.400000000000000000e+03 1.245384103766118966e-01
8.410000000000000000e+03 1.241392708373206255e-01
8.420000000000000000e+03 1.237278981565718000e-01
8.430000000000000000e+03 1.233010776694095229e-01
8.440000000000000000e+03 1.228557057076055808e-01
8.450000000000000000e+03 1.223888599721186382e-01
8.460000000000000000e+03 1.218978696020414643e-01
8.470000000000000000e+03 1.213803824778788704e-01
8.480000000000000000e+03 1.208344280757839700e-01
8.490000000000000000e+03 1.202584746160749868e-01
8.500000000000000000e+03 1.196514786757271603e-01
8.510000000000000000e+03 1.190129250973694791e-01
8.520000000000000000e+03 1.183428542488340340e-01
8.530000000000000000e+03 1.176418705387658609e-01
8.540000000000000000e+03 1.169111283011861485e-01
8.550000000000000000e+03 1.161522956245295835e-01
8.560000000000000000e+03 1.153674958763493963e-01
8.570000000000000000e+03 1.145592306307782748e-01
8.580000000000000000e+03 1.137302932640999187e-01
8.590000000000000000e+03 1.128836796476813537e-01
8.600000000000000000e+03 1.120225024455676205e-01
8.610000000000000000e+03 1.111499155580397830e-01
8.620000000000000000e+03 1.102690510254692585e-01
8.630000000000000000e+03 1.093829677434665637e-01
8.640000000000000000e+03 1.084946106678979783e-01
8.650000000000000000e+03 1.076067775924807179e-01
8.660000000000000000e+03 1.067220887014641434e-01
8.670000000000000000e+03 1.058429559193204833e-01
8.680000000000000000e+03 1.049715489829269460e-01
8.690000000000000000e+03 1.041097607716930940e-01
8.700000000000000000e+03 1.032591771107000123e-01
8.710000000000000000e+03 1.024210523237334830e-01
8.720000000000000000e+03 1.015962950989731800e-01
8.730000000000000000e+03 1.007854677153124795e-01
8.740000000000000000e+03 9.998879650824331333e-02
8.750000000000000000e+03 9.920619657315396522e-02
8.760000000000000000e+03 9.843731268766511833e-02
8.770000000000000000e+03 9.768157090295938316e-02
8.780000000000000000e+03 9.693823340299172198e-02
8.790000000000000000e+03 9.620645194828954250e-02
8.800000000000000000e+03 9.548531648707994646e-02
8.810000000000000000e+03 9.477389735291898154e-02
8.820000000000000000e+03 9.407128035858511317e-02
8.830000000000000000e+03 9.337659468696439535e-02
8.840000000000000000e+03 9.268903683021299800e-02
8.850000000000000000e+03 9.200789722450830599e-02
8.860000000000000000e+03 9.133259200980170522e-02
8.870000000000000000e+03 9.066269940727537946e-02
8.880000000000000000e+03 8.999800224712811714e-02
8.890000000000000000e+03 8.933853521414721055e-02
8.900000000000000000e+03 8.868462848548390454e-02
8.910000000000000000e+03 8.803693884332078334e-02
8.920000000000000000e+03 8.739646243778124990e-02
8.930000000000000000e+03 8.676452120583648397e-02
8.940000000000000000e+03 8.614271580010300633e-02
8.950000000000000000e+03 8.553284761978427464e-02
8.960000000000000000e+03 8.493681587827332791e-02
8.970000000000000000e+03 8.435649414003747182e-02
8.980000000000000000e+03 8.379359661530481895e-02
8.990000000000000000e+03 8.324954793229717709e-02
9.000000000000000000e+03 8.272536832950537489e-02
9.010000000000000000e+03 8.222158738373359921e-02
9.020000000000000000e+03 8.173819586724200004e-02
9.030000000000000000e+03 8.127463867263660935e-02
9.040000000000000000e+03 8.082984938865214741e-02
9.050000000000000000e+03 8.040232301204135179e-02
9.060000000000000000e+03 7.999021376433967934e-02
9.070000000000000000e+03 7.959144684309464590e-02
9.080000000000000000e+03 7.920383170250103189e-02
9.090000000000000000e+03 7.882516539976613945e-02
9.100000000000000000e+03 7.845331712940369073e-02
9.110000000000000000e+03 7.808628717557526688e-02
9.120000000000000000e+03 7.772224088505119699e-02
9.130000000000000000e+03 7.735952094498066423e-02
9.140000000000000000e+03 7.699664593182002637e-02
9.150000000000000000e+03 7.663230447366455034e-02
9.160000000000000000e+03 7.626535373620633995e-02
9.170000000000000000e+03 7.589482783184760273e-02
9.180000000000000000e+03 7.551995880371496772e-02
9.190000000000000000e+03 7.514020878756848265e-02
9.200000000000000000e+03 7.475530676263636432e-02
9.210000000000000000e+03 7.436528141212875309e-02
9.220000000000000000e+03 7.397047842580387056e-02
9.230000000000000000e+03 7.357155719877506161e-02
9.240000000000000000e+03 7.316946447150543542e-02
9.250000000000000000e+03 7.276537771528197862e-02
9.260000000000000000e+03 7.236061662770516822e-02
9.270000000000000000e+03 7.195653005336503927e-02
9.280000000000000000e+03 7.155437011731387298e-02
9.290000000000000000e+03 7.115517028945514411e-02
9.300000000000000000e+03 7.075964030607921618e-02
9.310000000000000000e+03 7.036809060577481345e-02
9.320000000000000000e+03 6.998040450770239007e-02
9.330000000000000000e+03 6.959606706630738771e-02
9.340000000000000000e+03 6.921424727781089192e-02
9.350000000000000000e+03 6.883392505602280165e-02
9.360000000000000000e+03 6.845404738421335955e-02
9.370000000000000000e+03 6.807369332192809985e-02
9.380000000000000000e+03 6.769222122902465721e-02
9.390000000000000000e+03 6.730937382059624940e-02
9.400000000000000000e+03 6.692532507978032896e-02
9.410000000000000000e+03 6.654065455467661483e-02
9.420000000000000000e+03 6.615624810202280770e-02
9.430000000000000000e+03 6.577314544806933672e-02
9.440000000000000000e+03 6.539236090541121482e-02
9.450000000000000000e+03 6.501469918783119029e-02
9.460000000000000000e+03 6.464059400014347812e-02
9.470000000000000000e+03 6.426999941542385630e-02
9.480000000000000000e+03 6.390235101973115728e-02
9.490000000000000000e+03 6.353659591676816265e-02
9.500000000000000000e+03 6.317128502662022749e-02
9.510000000000000000e+03 6.280471000432005790e-02
9.520000000000000000e+03 6.243506450297511834e-02
9.530000000000000000e+03 6.206060431971850699e-02
9.540000000000000000e+03 6.167978294967380037e-02
9.550000000000000000e+03 6.129134633028026496e-02
9.560000000000000000e+03 6.089437773182609231e-02
9.570000000000000000e+03 6.048829493128102947e-02
9.580000000000000000e+03 6.007280917037292889e-02
9.590000000000000000e+03 5.964786350585576935e-02
9.600000000000000000e+03 5.921356520506421139e-02
9.610000000000000000e+03 5.877012628842331193e-02
9.620000000000000000e+03 5.831782275897051671e-02
9.630000000000000000e+03 5.785697793689385110e-02
9.640000000000000000e+03 5.738797102176207421e-02
9.650000000000000000e+03 5.691126601173832067e-02
9.660000000000000000e+03 5.642745137715245163e-02
9.670000000000000000e+03 5.593727757515385562e-02
9.680000000000000000e+03 5.544168006775605784e-02
9.690000000000000000e+03 5.494178186855697144e-02
9.700000000000000000e+03 5.443887443572736906e-02
9.710000000000000000e+03 5.393437803261402069e-02
9.720000000000000000e+03 5.342978638011665338e-02
9.730000000000000000e+03 5.292660588216902690e-02
9.740000000000000000e+03 5.242630032169002391e-02
9.750000000000000000e+03 5.193024704842327116e-02
9.760000000000000000e+03 5.143971202937636794e-02
9.770000000000000000e+03 5.095584167000365150e-02
9.780000000000000000e+03 5.047966698324568569e-02
9.790000000000000000e+03 5.001212122992565456e-02
9.800000000000000000e+03 4.955407069489179556e-02
9.810000000000000000e+03 4.910635654653875554e-02
9.820000000000000000e+03 4.866983797552051211e-02
9.830000000000000000e+03 4.824541847964389923e-02
9.840000000000000000e+03 4.783405633567178183e-02
9.850000000000000000e+03 4.743676084338264293e-02
9.860000000000000000e+03 4.705456441378049609e-02
9.870000000000000000e+03 4.668846720105279680e-02
9.880000000000000000e+03 4.633936406951342374e-02
9.890000000000000000e+03 4.600797216232920678e-02
9.900000000000000000e+03 4.569477973112091168e-02
9.910000000000000000e+03 4.540001132357930624e-02
9.920000000000000000e+03 4.512361858489504635e-02
9.930000000000000000e+03 4.486531619766078588e-02
9.940000000000000000e+03 4.462465358843543950e-02
9.950000000000000000e+03 4.440110690723460957e-02
9.960000000000000000e+03 4.419417178950409142e-02
9.970000000000000000e+03 4.400344612844273029e-02
9.980000000000000000e+03 4.382868630105006547e-02
9.990000000000000000e+03 4.366980867892204798e-02
1.000000000000000000e+04 4.352683880728792920e-02
