Time	Population
0.000000000000000000e+00 5.121887124408089909e-01
1.000000000000000000e+01 5.115735007419158764e-01
2.000000000000000000e+01 5.097500380077820692e-01
3.000000000000000000e+01 5.067955032274203964e-01
4.000000000000000000e+01 5.028396554329594981e-01
5.000000000000000000e+01 4.980564287782962007e-01
6.000000000000000000e+01 4.926536308549826493e-01
7.000000000000000000e+01 4.868612754245724150e-01
8.000000000000000000e+01 4.809193931557158574e-01
9.000000000000000000e+01 4.750662086912362803e-01
1.000000000000000000e+02 4.695274264676509435e-01
1.100000000000000000e+02 4.645072108818124046e-01
1.200000000000000000e+02 4.601811852758527777e-01
1.300000000000000000e+02 4.566915863857960445e-01
1.400000000000000000e+02 4.541444916551273803e-01
1.500000000000000000e+02 4.526089074019348235e-01
1.600000000000000000e+02 4.521174208463584199e-01
1.700000000000000000e+02 4.526680407043707222e-01
1.800000000000000000e+02 4.542269393818362255e-01
1.900000000000000000e+02 4.567317852706133663e-01
2.000000000000000000e+02 4.600954505817623774e-01
2.100000000000000000e+02 4.642099920982126204e-01
2.200000000000000000e+02 4.689508150072772552e-01
2.300000000000000000e+02 4.741810210989114149e-01
2.400000000000000000e+02 4.797559591711650362e-01
2.500000000000000000e+02 4.855279837499998363e-01
2.600000000000000000e+02 4.913513582703711302e-01
2.700000000000000000e+02 4.970872473170029893e-01
2.800000000000000000e+02 5.026086322070156820e-01
2.900000000000000000e+02 5.078049060093491329e-01
3.000000000000000000e+02 5.125858902631227343e-01
3.100000000000000000e+02 5.168849876817219746e-01
3.200000000000000000e+02 5.206611543172920964e-01
3.300000000000000000e+02 5.238994927455847828e-01
3.400000000000000000e+02 5.266103395646745122e-01
3.500000000000000000e+02 5.288268608921101732e-01
3.600000000000000000e+02 5.306012432621191044e-01
3.700000000000000000e+02 5.319998640600700490e-01
3.800000000000000000e+02 5.330978084135592487e-01
3.900000000000000000e+02 5.339732164757137189e-01
4.000000000000000000e+02 5.347018955302746956e-01
4.100000000000000000e+02 5.353527114173214363e-01
4.200000000000000000e+02 5.359840462881729772e-01
4.300000000000000000e+02 5.366415595261230242e-01
4.400000000000000000e+02 5.373573066801101694e-01
4.500000000000000000e+02 5.381501004824942314e-01
4.600000000000000000e+02 5.390269244210771360e-01
4.700000000000000000e+02 5.399850443542587586e-01
4.800000000000000000e+02 5.410145857603910757e-01
4.900000000000000000e+02 5.421011940492307390e-01
5.000000000000000000e+02 5.432284715826410926e-01
5.100000000000000000e+02 5.443800253074060347e-01
5.200000000000000000e+02 5.455411317135434590e-01
5.300000000000000000e+02 5.466996939020994928e-01
5.400000000000000000e+02 5.478467865341913878e-01
5.500000000000000000e+02 5.489767101603000299e-01
5.600000000000000000e+02 5.500867158614830554e-01
5.700000000000000000e+02 5.511765539888461296e-01
5.800000000000000000e+02 5.522479015484500486e-01
5.900000000000000000e+02 5.533036826570046918e-01
6.000000000000000000e+02 5.543474812905302418e-01
6.100000000000000000e+02 5.553830859643668072e-01
6.200000000000000000e+02 5.564141092443318781e-01
6.300000000000000000e+02 5.574437581418080212e-01
6.400000000000000000e+02 5.584746958437326603e-01
6.500000000000000000e+02 5.595089811234291721e-01
6.600000000000000000e+02 5.605481026861157678e-01
6.700000000000000000e+02 5.615930537500462005e-01
6.800000000000000000e+02 5.626444058020102501e-01
6.900000000000000000e+02 5.637024607429050871e-01
7.000000000000000000e+02 5.647673447994207008e-01
7.100000000000000000e+02 5.658390235255459366e-01
7.200000000000000000e+02 5.669173675835045279e-01
7.300000000000000000e+02 5.680022427468864876e-01
7.400000000000000000e+02 5.690935154865454093e-01
7.500000000000000000e+02 5.701910762558379808e-01
7.600000000000000000e+02 5.712948302699134562e-01
7.700000000000000000e+02 5.724047012957097502e-01
7.800000000000000000e+02 5.735206490316284711e-01
7.900000000000000000e+02 5.746425757178693638e-01
8.000000000000000000e+02 5.757703555165087916e-01
8.100000000000000000e+02 5.769039793280129613e-01
8.200000000000000000e+02 5.780435173837840113e-01
8.300000000000000000e+02 5.791891197532559321e-01
8.400000000000000000e+02 5.803410967736305492e-01
8.500000000000000000e+02 5.814999930486415280e-01
8.600000000000000000e+02 5.826666142242106217e-01
8.700000000000000000e+02 5.838420301193190110e-01
8.800000000000000000e+02 5.850276820827909896e-01
8.900000000000000000e+02 5.862254155384299947e-01
9.000000000000000000e+02 5.874374873943624120e-01
9.100000000000000000e+02 5.886665832961225364e-01
9.200000000000000000e+02 5.899157841971887084e-01
9.300000000000000000e+02 5.911885284569612375e-01
9.400000000000000000e+02 5.924886052539194425e-01
9.500000000000000000e+02 5.938200475012604951e-01
9.600000000000000000e+02 5.951870079882859432e-01
9.700000000000000000e+02 5.965935959415347156e-01
9.800000000000000000e+02 5.980436959744463987e-01
9.900000000000000000e+02 5.995407639586844972e-01
1.000000000000000000e+03 6.010876421238804390e-01
1.010000000000000000e+03 6.026863495075406307e-01
1.020000000000000000e+03 6.043378611887100238e-01
1.030000000000000000e+03 6.060419077131153909e-01
1.040000000000000000e+03 6.077967677401039381e-01
1.050000000000000000e+03 6.095991757442105197e-01
1.060000000000000000e+03 6.114442958448688126e-01
1.070000000000000000e+03 6.133256227916394909e-01
1.080000000000000000e+03 6.152350549745843056e-01
1.090000000000000000e+03 6.171630414573895385e-01
1.100000000000000000e+03 6.190988570520892242e-01
1.110000000000000000e+03 6.210308946865562563e-01
1.120000000000000000e+03 6.229470086558074327e-01
1.130000000000000000e+03 6.248349562428077153e-01
1.140000000000000000e+03 6.266828349854441926e-01
1.150000000000000000e+03 6.284794967009722511e-01
1.160000000000000000e+03 6.302150100975679736e-01
1.170000000000000000e+03 6.318810001688323075e-01
1.180000000000000000e+03 6.334708910251255487e-01
1.190000000000000000e+03 6.349801469789593256e-01
1.200000000000000000e+03 6.364063625313259864e-01
1.210000000000000000e+03 6.377492696465532074e-01
1.220000000000000000e+03 6.390105136696010435e-01
1.230000000000000000e+03 6.401934234261350554e-01
1.240000000000000000e+03 6.413026827386101303e-01
1.250000000000000000e+03 6.423439716923128318e-01
1.260000000000000000e+03 6.433236293857371724e-01
1.270000000000000000e+03 6.442482511909146670e-01
1.280000000000000000e+03 6.451242900114395606e-01
1.290000000000000000e+03 6.459577752736169742e-01
1.300000000000000000e+03 6.467541122253239738e-01
1.310000000000000000e+03 6.475179180246123378e-01
1.320000000000000000e+03 6.482529270454095993e-01
1.330000000000000000e+03 6.489619758447922049e-01
1.340000000000000000e+03 6.496470862262585522e-01
1.350000000000000000e+03 6.503096202096516620e-01
1.360000000000000000e+03 6.509504318599739214e-01
1.370000000000000000e+03 6.515700233824039955e-01
1.380000000000000000e+03 6.521687166663633350e-01
1.390000000000000000e+03 6.527468427315324950e-01
1.400000000000000000e+03 6.533048250574523541e-01
1.410000000000000000e+03 6.538432166525990352e-01
1.420000000000000000e+03 6.543627116662323884e-01
1.430000000000000000e+03 6.548641226002813731e-01
1.440000000000000000e+03 6.553483247336903128e-01
1.450000000000000000e+03 6.558162023138853769e-01
1.460000000000000000e+03 6.562685984573929376e-01
1.470000000000000000e+03 6.567062546190249872e-01
1.480000000000000000e+03 6.571297665865299953e-01
1.490000000000000000e+03 6.575395679268571936e-01
1.500000000000000000e+03 6.579359519720605620e-01
1.510000000000000000e+03 6.583190848191207145e-01
1.520000000000000000e+03 6.586890124390053503e-01
1.530000000000000000e+03 6.590456944285617569e-01
1.540000000000000000e+03 6.593890420777647199e-01
1.550000000000000000e+03 6.597189644356292737e-01
1.560000000000000000e+03 6.600353855351807075e-01
1.570000000000000000e+03 6.603382725954246579e-01
1.580000000000000000e+03 6.606276859008911595e-01
1.590000000000000000e+03 6.609037651822000647e-01
1.600000000000000000e+03 6.611667412842553437e-01
1.610000000000000000e+03 6.614169751400753583e-01
1.620000000000000000e+03 6.616549785679221030e-01
1.630000000000000000e+03 6.618814492863673848e-01
1.640000000000000000e+03 6.620972891463230425e-01
1.650000000000000000e+03 6.623035938274168810e-01
1.660000000000000000e+03 6.625016604836752032e-01
1.670000000000000000e+03 6.626930011401364062e-01
1.680000000000000000e+03 6.628793236476625550e-01
1.690000000000000000e+03 6.630625409600832132e-01
1.700000000000000000e+03 6.632447765511955140e-01
1.710000000000000000e+03 6.634283500667607081e-01
1.720000000000000000e+03 6.636157533978183087e-01
1.730000000000000000e+03 6.638096414542945523e-01
1.740000000000000000e+03 6.640128102234091889e-01
1.750000000000000000e+03 6.642281539261454260e-01
1.760000000000000000e+03 6.644586090090222052e-01
1.770000000000000000e+03 6.647070957057944485e-01
1.780000000000000000e+03 6.649764696812190401e-01
1.790000000000000000e+03 6.652694435769411774e-01
1.800000000000000000e+03 6.655884843736513679e-01
1.810000000000000000e+03 6.659357221776500690e-01
1.820000000000000000e+03 6.663128699740299421e-01
1.830000000000000000e+03 6.667211577381183529e-01
1.840000000000000000e+03 6.671612753095422788e-01
1.850000000000000000e+03 6.676333232775680804e-01
1.860000000000000000e+03 6.681367782726067572e-01
1.870000000000000000e+03 6.686704776834919706e-01
1.880000000000000000e+03 6.692326199739874193e-01
1.890000000000000000e+03 6.698207749027133007e-01
1.900000000000000000e+03 6.704319033504426706e-01
1.910000000000000000e+03 6.710624067281659721e-01
1.920000000000000000e+03 6.717081904764840017e-01
1.930000000000000000e+03 6.723647434689340452e-01
1.940000000000000000e+03 6.730272412829624296e-01
1.950000000000000000e+03 6.736906643565415687e-01
1.960000000000000000e+03 6.743499320694343879e-01
1.970000000000000000e+03 6.750000423750655010e-01
1.980000000000000000e+03 6.756361997466595604e-01
1.990000000000000000e+03 6.762539414519194159e-01
2.000000000000000000e+03 6.768492765715070636e-01
2.010000000000000000e+03 6.774188104690979095e-01
2.020000000000000000e+03 6.779598303279648075e-01
2.030000000000000000e+03 6.784703661054211077e-01
2.040000000000000000e+03 6.789492196099281562e-01
2.050000000000000000e+03 6.793959504033604269e-01
2.060000000000000000e+03 6.798108101939779324e-01
2.070000000000000000e+03 6.801946270822891716e-01
2.080000000000000000e+03 6.805486685818172843e-01
2.090000000000000000e+03 6.808745004979874782e-01
2.100000000000000000e+03 6.811738356903290770e-01
2.110000000000000000e+03 6.814483950811842661e-01
2.120000000000000000e+03 6.816998004896903662e-01
2.130000000000000000e+03 6.819295084065766233e-01
2.140000000000000000e+03 6.821387803154413954e-01
2.150000000000000000e+03 6.823286759697874126e-01
2.160000000000000000e+03 6.825000700558178091e-01
2.170000000000000000e+03 6.826536787947496965e-01
2.180000000000000000e+03 6.827900834617066650e-01
2.190000000000000000e+03 6.829097403419051027e-01
2.200000000000000000e+03 6.830129774729866154e-01
2.210000000000000000e+03 6.830999721943588066e-01
2.220000000000000000e+03 6.831707559172698341e-01
2.230000000000000000e+03 6.832252317618163762e-01
2.240000000000000000e+03 6.832631777081124014e-01
2.250000000000000000e+03 6.832842608905900228e-01
2.260000000000000000e+03 6.832880912885056501e-01
2.270000000000000000e+03 6.832742832325355842e-01
2.280000000000000000e+03 6.832424886739918435e-01
2.290000000000000000e+03 6.831924144787152597e-01
2.300000000000000000e+03 6.831238322555274189e-01
2.310000000000000000e+03 6.830365864963041655e-01
2.320000000000000000e+03 6.829305948355444134e-01
2.330000000000000000e+03 6.828058105497536445e-01
2.340000000000000000e+03 6.826621834518371568e-01
2.350000000000000000e+03 6.824996649228457501e-01
2.360000000000000000e+03 6.823182232319645601e-01
2.370000000000000000e+03 6.821178550491193704e-01
2.380000000000000000e+03 6.818986033521230450e-01
2.390000000000000000e+03 6.816605746671065003e-01
2.400000000000000000e+03 6.814039707022336856e-01
2.410000000000000000e+03 6.811291134105609268e-01
2.420000000000000000e+03 6.808364625835935380e-01
2.430000000000000000e+03 6.805266383774578598e-01
2.440000000000000000e+03 6.802004171995567061e-01
2.450000000000000000e+03 6.798587342850207493e-01
2.460000000000000000e+03 6.795026913100452592e-01
2.470000000000000000e+03 6.791335778001973411e-01
2.480000000000000000e+03 6.787528920732490700e-01
2.490000000000000000e+03 6.783623653841917012e-01
2.500000000000000000e+03 6.779639928315330799e-01
2.510000000000000000e+03 6.775600701656705471e-01
2.520000000000000000e+03 6.771532370970313464e-01
2.530000000000000000e+03 6.767465045996289286e-01
2.540000000000000000e+03 6.763432538384608339e-01
2.550000000000000000e+03 6.759472196560902812e-01
2.560000000000000000e+03 6.755624601137351082e-01
2.570000000000000000e+03 6.751932893192370555e-01
2.580000000000000000e+03 6.748441811592167383e-01
2.590000000000000000e+03 6.745196638838966141e-01
2.600000000000000000e+03 6.742241960686128355e-01
2.610000000000000000e+03 6.739620646641605317e-01
2.620000000000000000e+03 6.737372819920521838e-01
2.630000000000000000e+03 6.735534632335298255e-01
2.640000000000000000e+03 6.734137265190028865e-01
2.650000000000000000e+03 6.733206393585979832e-01
2.660000000000000000e+03 6.732761704324595753e-01
2.670000000000000000e+03 6.732816441234721339e-01
2.680000000000000000e+03 6.733377202202255329e-01
2.690000000000000000e+03 6.734443997991653719e-01
2.700000000000000000e+03 6.736010529385987322e-01
2.710000000000000000e+03 6.738064189415078342e-01
2.720000000000000000e+03 6.740586226158357119e-01
2.730000000000000000e+03 6.743552139738614448e-01
2.740000000000000000e+03 6.746932030387611245e-01
2.750000000000000000e+03 6.750691201816642062e-01
2.760000000000000000e+03 6.754790626744122672e-01
2.770000000000000000e+03 6.759187481854367352e-01
2.780000000000000000e+03 6.763835838729181926e-01
2.790000000000000000e+03 6.768687169519103097e-01
2.800000000000000000e+03 6.773691078076909955e-01
2.810000000000000000e+03 6.778796360777195051e-01
2.820000000000000000e+03 6.783952186641243332e-01
2.830000000000000000e+03 6.789109318143726757e-01
2.840000000000000000e+03 6.794221563414448717e-01
2.850000000000000000e+03 6.799247225807867334e-01
2.860000000000000000e+03 6.804150258045393862e-01
2.870000000000000000e+03 6.808901361837925714e-01
2.880000000000000000e+03 6.813478931361421909e-01
2.890000000000000000e+03 6.817869445418658358e-01
2.900000000000000000e+03 6.822067093331931620e-01
2.910000000000000000e+03 6.826072963594757015e-01
2.920000000000000000e+03 6.829893807238724968e-01
2.930000000000000000e+03 6.833540335399008736e-01
2.940000000000000000e+03 6.837025508102653193e-01
2.950000000000000000e+03 6.840362848920311656e-01
2.960000000000000000e+03 6.843565132398519157e-01
2.970000000000000000e+03 6.846643479990883741e-01
2.980000000000000000e+03 6.849606833628525404e-01
2.990000000000000000e+03 6.852461833592236040e-01
3.000000000000000000e+03 6.855213034836916686e-01
3.010000000000000000e+03 6.857862981471787300e-01
3.020000000000000000e+03 6.860412218426535924e-01
3.030000000000000000e+03 6.862859290218683572e-01
3.040000000000000000e+03 6.865200552334795869e-01
3.050000000000000000e+03 6.867430036599480037e-01
3.060000000000000000e+03 6.869539678805822724e-01
3.070000000000000000e+03 6.871520087978002511e-01
3.080000000000000000e+03 6.873361634651140584e-01
3.090000000000000000e+03 6.875055658995327112e-01
3.100000000000000000e+03 6.876595703940397986e-01
3.110000000000000000e+03 6.877978693528248311e-01
3.120000000000000000e+03 6.879205699754813441e-01
3.130000000000000000e+03 6.880281946488354672e-01
3.140000000000000000e+03 6.881215987607317564e-01
3.150000000000000000e+03 6.882018299607784995e-01
3.160000000000000000e+03 6.882699636461996340e-01
3.170000000000000000e+03 6.883269406448419003e-01
3.180000000000000000e+03 6.883734528468768987e-01
3.190000000000000000e+03 6.884098904642793615e-01
3.200000000000000000e+03 6.884363480114265021e-01
3.210000000000000000e+03 6.884526853915893252e-01
3.220000000000000000e+03 6.884586215213392979e-01
3.230000000000000000e+03 6.884538456504851744e-01
3.240000000000000000e+03 6.884380967056901168e-01
3.250000000000000000e+03 6.884112017017626206e-01
3.260000000000000000e+03 6.883731047529341174e-01
3.270000000000000000e+03 6.883238748401008245e-01
3.280000000000000000e+03 6.882636889597069096e-01
3.290000000000000000e+03 6.881927983005384775e-01
3.300000000000000000e+03 6.881114951743021457e-01
3.310000000000000000e+03 6.880200906889232249e-01
3.320000000000000000e+03 6.879189012573541095e-01
3.330000000000000000e+03 6.878082517857264655e-01
3.340000000000000000e+03 6.876885019191160131e-01
3.350000000000000000e+03 6.875600867728122179e-01
3.360000000000000000e+03 6.874235493244292838e-01
3.370000000000000000e+03 6.872795732423683246e-01
3.380000000000000000e+03 6.871290232452484936e-01
3.390000000000000000e+03 6.869729720301394060e-01
3.400000000000000000e+03 6.868127166256869920e-01
3.410000000000000000e+03 6.866497823748221041e-01
3.420000000000000000e+03 6.864859088226764605e-01
3.430000000000000000e+03 6.863230260840759156e-01
3.440000000000000000e+03 6.861632180064454190e-01
3.450000000000000000e+03 6.860086545580373896e-01
3.460000000000000000e+03 6.858615165484793774e-01
3.470000000000000000e+03 6.857239409395426977e-01
3.480000000000000000e+03 6.855979838495507295e-01
3.490000000000000000e+03 6.854855867336179243e-01
3.500000000000000000e+03 6.853885384672467884e-01
3.510000000000000000e+03 6.853084393521241546e-01
3.520000000000000000e+03 6.852466722541327160e-01
3.530000000000000000e+03 6.852043754509168361e-01
3.540000000000000000e+03 6.851824126702450446e-01
3.550000000000000000e+03 6.851813460267043299e-01
3.560000000000000000e+03 6.852014128375394364e-01
3.570000000000000000e+03 6.852425017070777891e-01
3.580000000000000000e+03 6.853041499877789988e-01
3.590000000000000000e+03 6.853855598427022189e-01
3.600000000000000000e+03 6.854856223790102288e-01
3.610000000000000000e+03 6.856029620672678959e-01
3.620000000000000000e+03 6.857359988759459402e-01
3.630000000000000000e+03 6.858830346050549531e-01
3.640000000000000000e+03 6.860423488247159307e-01
3.650000000000000000e+03 6.862122813136886101e-01
3.660000000000000000e+03 6.863912922198903699e-01
3.670000000000000000e+03 6.865780050590122308e-01
3.680000000000000000e+03 6.867712390378152287e-01
3.690000000000000000e+03 6.869700405750174266e-01
3.700000000000000000e+03 6.871736496930025417e-01
3.710000000000000000e+03 6.873814228390067171e-01
3.720000000000000000e+03 6.875927720774952512e-01
3.730000000000000000e+03 6.878071016077444977e-01
3.740000000000000000e+03 6.880237315650170604e-01
3.750000000000000000e+03 6.882418416412682260e-01
3.760000000000000000e+03 6.884604516648470396e-01
3.770000000000000000e+03 6.886784310631937078e-01
3.780000000000000000e+03 6.888945248334167326e-01
3.790000000000000000e+03 6.891073993167340372e-01
3.800000000000000000e+03 6.893157082861278706e-01
3.810000000000000000e+03 6.895181636513308954e-01
3.820000000000000000e+03 6.897136002329645743e-01
3.830000000000000000e+03 6.899010290176301741e-01
3.840000000000000000e+03 6.900796763801336775e-01
3.850000000000000000e+03 6.902490129750580294e-01
3.860000000000000000e+03 6.904087736453430324e-01
3.870000000000000000e+03 6.905589605664486097e-01
3.880000000000000000e+03 6.906998373027706251e-01
3.890000000000000000e+03 6.908319156026498931e-01
3.900000000000000000e+03 6.909559204199583471e-01
3.910000000000000000e+03 6.910727249083842283e-01
3.920000000000000000e+03 6.911832581403499765e-01
3.930000000000000000e+03 6.912883892874382985e-01
3.940000000000000000e+03 6.913888149352463985e-01
3.950000000000000000e+03 6.914849719489372104e-01
3.960000000000000000e+03 6.915770071903782901e-01
3.970000000000000000e+03 6.916647953316907849e-01
3.980000000000000000e+03 6.917480061437052408e-01
3.990000000000000000e+03 6.918262073700733872e-01
4.000000000000000000e+03 6.918989818272157644e-01
4.010000000000000000e+03 6.919660196435817312e-01
4.020000000000000000e+03 6.920271489628619932e-01
4.030000000000000000e+03 6.920823172413214097e-01
4.040000000000000000e+03 6.921315340722090648e-01
4.050000000000000000e+03 6.921747876388442133e-01
4.060000000000000000e+03 6.922119689332035808e-01
4.070000000000000000e+03 6.922428468405005253e-01
4.080000000000000000e+03 6.922670904208293452e-01
4.090000000000000000e+03 6.922843072414516241e-01
4.100000000000000000e+03 6.922941313899827476e-01
4.110000000000000000e+03 6.922963238535774222e-01
4.120000000000000000e+03 6.922908669972094309e-01
4.130000000000000000e+03 6.922780310788327895e-01
4.140000000000000000e+03 6.922583985915508054e-01
4.150000000000000000e+03 6.922328566576186892e-01
4.160000000000000000e+03 6.922025680682943882e-01
4.170000000000000000e+03 6.921689090094139685e-01
4.180000000000000000e+03 6.921333616191301941e-01
4.190000000000000000e+03 6.920973675625383681e-01
4.200000000000000000e+03 6.920621662446554412e-01
4.210000000000000000e+03 6.920286400987402109e-01
4.220000000000000000e+03 6.919971777798241686e-01
4.230000000000000000e+03 6.919675818181824090e-01
4.240000000000000000e+03 6.919390526033138977e-01
4.250000000000000000e+03 6.919102639399191679e-01
4.260000000000000000e+03 6.918795264773640596e-01
4.270000000000000000e+03 6.918450147043451182e-01
4.280000000000000000e+03 6.918050258075478798e-01
4.290000000000000000e+03 6.917582353394655659e-01
4.300000000000000000e+03 6.917039096608571525e-01
4.310000000000000000e+03 6.916420257651674230e-01
4.320000000000000000e+03 6.915732786078879757e-01
4.330000000000000000e+03 6.914989825767736686e-01
4.340000000000000000e+03 6.914208855331313019e-01
4.350000000000000000e+03 6.913409211412182565e-01
4.360000000000000000e+03 6.912609535359278690e-01
4.370000000000000000e+03 6.911825840754781680e-01
4.380000000000000000e+03 6.911070389195770325e-01
4.390000000000000000e+03 6.910351550994093817e-01
4.400000000000000000e+03 6.909674614063843201e-01
4.410000000000000000e+03 6.909043374832793960e-01
4.420000000000000000e+03 6.908461920819136681e-01
4.430000000000000000e+03 6.907936207677563001e-01
4.440000000000000000e+03 6.907475067284405412e-01
4.450000000000000000e+03 6.907090188801042752e-01
4.460000000000000000e+03 6.906795109734135130e-01
4.470000000000000000e+03 6.906603366716076442e-01
4.480000000000000000e+03 6.906526208496336361e-01
4.490000000000000000e+03 6.906570271691134799e-01
4.500000000000000000e+03 6.906735798801001414e-01
4.510000000000000000e+03 6.907016024127130560e-01
4.520000000000000000e+03 6.907397801364422163e-01
4.530000000000000000e+03 6.907863490302750265e-01
4.540000000000000000e+03 6.908393831916774808e-01
4.550000000000000000e+03 6.908971152173492003e-01
4.560000000000000000e+03 6.909582342134632515e-01
4.570000000000000000e+03 6.910220843397854029e-01
4.580000000000000000e+03 6.910887276910566701e-01
4.590000000000000000e+03 6.911588479678123509e-01
4.600000000000000000e+03 6.912335363485240247e-01
4.610000000000000000e+03 6.913139889230736079e-01
4.620000000000000000e+03 6.914011885282417280e-01
4.630000000000000000e+03 6.914956515440232598e-01
4.640000000000000000e+03 6.915972811883267513e-01
4.650000000000000000e+03 6.917053711974060493e-01
4.660000000000000000e+03 6.918187103500590407e-01
4.670000000000000000e+03 6.919357853633486544e-01
4.680000000000000000e+03 6.920550164293922668e-01
4.690000000000000000e+03 6.921749751306941478e-01
4.700000000000000000e+03 6.922945364694771397e-01
4.710000000000000000e+03 6.924129521264403841e-01
4.720000000000000000e+03 6.925298341126723267e-01
4.730000000000000000e+03 6.926450665880352631e-01
4.740000000000000000e+03 6.927586820237318088e-01
4.750000000000000000e+03 6.928707189409474276e-01
4.760000000000000000e+03 6.929811075837748469e-01
4.770000000000000000e+03 6.930895999353833270e-01
4.780000000000000000e+03 6.931957596825709667e-01
4.790000000000000000e+03 6.932990093874983328e-01
4.800000000000000000e+03 6.933987238618196658e-01
4.810000000000000000e+03 6.934943540119344885e-01
4.820000000000000000e+03 6.935855580585742475e-01
4.830000000000000000e+03 6.936723234479456046e-01
4.840000000000000000e+03 6.937550448563317707e-01
4.850000000000000000e+03 6.938345362696765051e-01
4.860000000000000000e+03 6.939119618986405724e-01
4.870000000000000000e+03 6.939886687623137984e-01
4.880000000000000000e+03 6.940659428177413659e-01
4.890000000000000000e+03 6.941447471122174084e-01
4.900000000000000000e+03 6.942254889497331272e-01
4.910000000000000000e+03 6.943078703031929644e-01
4.920000000000000000e+03 6.943908841892962869e-01
4.930000000000000000e+03 6.944729815487743485e-01
4.940000000000000000e+03 6.945523650538376614e-01
4.950000000000000000e+03 6.946273763166241899e-01
4.960000000000000000e+03 6.946968690443480199e-01
4.970000000000000000e+03 6.947604733905142771e-01
4.980000000000000000e+03 6.948186782279447415e-01
4.990000000000000000e+03 6.948727093647645292e-01
5.000000000000000000e+03 6.949242280891397838e-01
5.010000000000000000e+03 6.949749277366663591e-01
5.020000000000000000e+03 6.950261392524625936e-01
5.030000000000000000e+03 6.950785514327550985e-01
5.040000000000000000e+03 6.951321107933720045e-01
5.050000000000000000e+03 6.951861193085291379e-01
5.060000000000000000e+03 6.952394894973050743e-01
5.070000000000000000e+03 6.952910689495818142e-01
5.080000000000000000e+03 6.953399431812613551e-01
5.090000000000000000e+03 6.953856344961946157e-01
5.100000000000000000e+03 6.954281452537317554e-01
5.110000000000000000e+03 6.954678524025006414e-01
5.120000000000000000e+03 6.955053066589809152e-01
5.130000000000000000e+03 6.955410142295255227e-01
5.140000000000000000e+03 6.955752938885849668e-01
5.150000000000000000e+03 6.956082639590334127e-01
5.160000000000000000e+03 6.956399583805344955e-01
5.170000000000000000e+03 6.956705230543996921e-01
5.180000000000000000e+03 6.957003968530421911e-01
5.190000000000000000e+03 6.957303772930544250e-01
5.200000000000000000e+03 6.957615167825783598e-01
5.210000000000000000e+03 6.957948313270633234e-01
5.220000000000000000e+03 6.958309122397862145e-01
5.230000000000000000e+03 6.958695877064448032e-01
5.240000000000000000e+03 6.959097598770467297e-01
5.250000000000000000e+03 6.959495134607230904e-01
5.260000000000000000e+03 6.959864986549462174e-01
5.270000000000000000e+03 6.960184884875761924e-01
5.280000000000000000e+03 6.960439528962578670e-01
5.290000000000000000e+03 6.960624998597744195e-01
5.300000000000000000e+03 6.960750326255040754e-01
5.310000000000000000e+03 6.960835610680871088e-01
5.320000000000000000e+03 6.960907283956417890e-01
5.330000000000000000e+03 6.960991826492407553e-01
5.340000000000000000e+03 6.961109728171948063e-01
5.350000000000000000e+03 6.961271237134144529e-01
5.360000000000000000e+03 6.961474965023276562e-01
5.370000000000000000e+03 6.961709617298987851e-01
5.380000000000000000e+03 6.961957998814769510e-01
5.390000000000000000e+03 6.962201700227794721e-01
5.400000000000000000e+03 6.962425215170889858e-01
5.410000000000000000e+03 6.962618468345779243e-01
5.420000000000000000e+03 6.962777380739845201e-01
5.430000000000000000e+03 6.962902787543543415e-01
5.440000000000000000e+03 6.962998567970887231e-01
5.450000000000000000e+03 6.963070002911134759e-01
5.460000000000000000e+03 6.963122847702319929e-01
5.470000000000000000e+03 6.963163278918641508e-01
5.480000000000000000e+03 6.963198317578629393e-01
5.490000000000000000e+03 6.963235949449188000e-01
5.500000000000000000e+03 6.963284456856788651e-01
5.510000000000000000e+03 6.963350968028133581e-01
5.520000000000000000e+03 6.963439523337340287e-01
5.530000000000000000e+03 6.963549431012134860e-01
5.540000000000000000e+03 6.963674696572165201e-01
5.550000000000000000e+03 6.963805043731889910e-01
5.560000000000000000e+03 6.963928445139681012e-01
5.570000000000000000e+03 6.964034480390367543e-01
5.580000000000000000e+03 6.964117424486032659e-01
5.590000000000000000e+03 6.964178048318647729e-01
5.600000000000000000e+03 6.964223588002429466e-01
5.610000000000000000e+03 6.964265812844142589e-01
5.620000000000000000e+03 6.964317822500698529e-01
5.630000000000000000e+03 6.964390646571229082e-01
5.640000000000000000e+03 6.964490729410408587e-01
5.650000000000000000e+03 6.964619060084623614e-01
5.660000000000000000e+03 6.964772141215969103e-01
5.670000000000000000e+03 6.964944295335796509e-01
5.680000000000000000e+03 6.965130532536111252e-01
5.690000000000000000e+03 6.965328864692496014e-01
5.700000000000000000e+03 6.965541221496033275e-01
5.710000000000000000e+03 6.965772744222703539e-01
5.720000000000000000e+03 6.966029775253524958e-01
5.730000000000000000e+03 6.966317384991852490e-01
5.740000000000000000e+03 6.966637479226147622e-01
5.750000000000000000e+03 6.966988122048686227e-01
5.760000000000000000e+03 6.967364212923301547e-01
5.770000000000000000e+03 6.967759167161582390e-01
5.780000000000000000e+03 6.968166972145033444e-01
5.790000000000000000e+03 6.968583698122718939e-01
5.800000000000000000e+03 6.969007897110885974e-01
5.810000000000000000e+03 6.969439981053801025e-01
5.820000000000000000e+03 6.969880945178474896e-01
5.830000000000000000e+03 6.970331014645957390e-01
5.840000000000000000e+03 6.970788905206219965e-01
5.850000000000000000e+03 6.971251892775474079e-01
5.860000000000000000e+03 6.971716516842570988e-01
5.870000000000000000e+03 6.972179522462573775e-01
5.880000000000000000e+03 6.972638578391100461e-01
5.890000000000000000e+03 6.973092436515431203e-01
5.900000000000000000e+03 6.973540443171992731e-01
5.910000000000000000e+03 6.973981866034669741e-01
5.920000000000000000e+03 6.974415474273202298e-01
5.930000000000000000e+03 6.974839610116896349e-01
5.940000000000000000e+03 6.975252778589794422e-01
5.950000000000000000e+03 6.975654404601037140e-01
5.960000000000000000e+03 6.976045400529503615e-01
5.970000000000000000e+03 6.976428124708352607e-01
5.980000000000000000e+03 6.976805508264950495e-01
5.990000000000000000e+03 6.977179673879422284e-01
6.000000000000000000e+03 6.977550583335491163e-01
6.010000000000000000e+03 6.977915281129958291e-01
6.020000000000000000e+03 6.978268125790698662e-01
6.030000000000000000e+03 6.978602101891924203e-01
6.040000000000000000e+03 6.978910901411911061e-01
6.050000000000000000e+03 6.979190969239457143e-01
6.060000000000000000e+03 6.979442751811425483e-01
6.070000000000000000e+03 6.979670748499129385e-01
6.080000000000000000e+03 6.979882330384465927e-01
6.090000000000000000e+03 6.980085783345008066e-01
6.100000000000000000e+03 6.980288114060942961e-01
6.110000000000000000e+03 6.980493354200578704e-01
6.120000000000000000e+03 6.980701910979740799e-01
6.130000000000000000e+03 6.980910977525829342e-01
6.140000000000000000e+03 6.981115761268568143e-01
6.150000000000000000e+03 6.981311145143614949e-01
6.160000000000000000e+03 6.981493107240791529e-01
6.170000000000000000e+03 6.981659423231912909e-01
6.180000000000000000e+03 6.981809563462967327e-01
6.190000000000000000e+03 6.981944054254065612e-01
6.200000000000000000e+03 6.982063676489171922e-01
6.210000000000000000e+03 6.982168929231559185e-01
6.220000000000000000e+03 6.982260029964274528e-01
6.230000000000000000e+03 6.982337328220302730e-01
6.240000000000000000e+03 6.982401806275633227e-01
6.250000000000000000e+03 6.982455270560380400e-01
6.260000000000000000e+03 6.982500113462397628e-01
6.270000000000000000e+03 6.982538555695234628e-01
6.280000000000000000e+03 6.982571711570527695e-01
6.290000000000000000e+03 6.982598925991695404e-01
6.300000000000000000e+03 6.982617640470805132e-01
6.310000000000000000e+03 6.982624144746153450e-01
6.320000000000000000e+03 6.982615018564892750e-01
6.330000000000000000e+03 6.982588758469286949e-01
6.340000000000000000e+03 6.982547058333256063e-01
6.350000000000000000e+03 6.982495132809568572e-01
6.360000000000000000e+03 6.982440728217053083e-01
6.370000000000000000e+03 6.982392064467128900e-01
6.380000000000000000e+03 6.982355373338283711e-01
6.390000000000000000e+03 6.982332924309194722e-01
6.400000000000000000e+03 6.982322334265267383e-01
6.410000000000000000e+03 6.982317566417918231e-01
6.420000000000000000e+03 6.982311357946456853e-01
6.430000000000000000e+03 6.982298166509770532e-01
6.440000000000000000e+03 6.982276258592062801e-01
6.450000000000000000e+03 6.982248247792310902e-01
6.460000000000000000e+03 6.982220008458746019e-01
6.470000000000000000e+03 6.982198403863778546e-01
6.480000000000000000e+03 6.982188989582372995e-01
6.490000000000000000e+03 6.982194506197237915e-01
6.500000000000000000e+03 6.982214587726589539e-01
6.510000000000000000e+03 6.982246721469361761e-01
6.520000000000000000e+03 6.982287910726512337e-01
6.530000000000000000e+03 6.982336387037840764e-01
6.540000000000000000e+03 6.982392814453819430e-01
6.550000000000000000e+03 6.982460523733778901e-01
6.560000000000000000e+03 6.982544724523400692e-01
6.570000000000000000e+03 6.982650969510290073e-01
6.580000000000000000e+03 6.982783270675394505e-01
6.590000000000000000e+03 6.982942484606509126e-01
6.600000000000000000e+03 6.983125533161459453e-01
6.610000000000000000e+03 6.983325591331016602e-01
6.620000000000000000e+03 6.983533273439638256e-01
6.630000000000000000e+03 6.983738620817343534e-01
6.640000000000000000e+03 6.983933279034558739e-01
6.650000000000000000e+03 6.984112349614906012e-01
6.660000000000000000e+03 6.984275226199833098e-01
6.670000000000000000e+03 6.984425251494799092e-01
6.680000000000000000e+03 6.984568596396737439e-01
6.690000000000000000e+03 6.984712640686329133e-01
6.700000000000000000e+03 6.984864437239786117e-01
6.710000000000000000e+03 6.985029585497407600e-01
6.720000000000000000e+03 6.985211546971105134e-01
6.730000000000000000e+03 6.985411268527752515e-01
6.740000000000000000e+03 6.985626976577536951e-01
6.750000000000000000e+03 6.985854087934674217e-01
6.760000000000000000e+03 6.986085347511629129e-01
6.770000000000000000e+03 6.986311420638349201e-01
6.780000000000000000e+03 6.986522088370723527e-01
6.790000000000000000e+03 6.986707958404613228e-01
6.800000000000000000e+03 6.986862440078319691e-01
6.810000000000000000e+03 6.986983423096675416e-01
6.820000000000000000e+03 6.987074179173268229e-01
6.830000000000000000e+03 6.987143110880229546e-01
6.840000000000000000e+03 6.987202157894280008e-01
6.850000000000000000e+03 6.987264251794426118e-01
6.860000000000000000e+03 6.987340460365918382e-01
6.870000000000000000e+03 6.987437516360920364e-01
6.880000000000000000e+03 6.987556267948600297e-01
6.890000000000000000e+03 6.987691376762410478e-01
6.900000000000000000e+03 6.987832382790430952e-01
6.910000000000000000e+03 6.987965767439520137e-01
6.920000000000000000e+03 6.988077626813274934e-01
6.930000000000000000e+03 6.988156629732541480e-01
6.940000000000000000e+03 6.988196754746741624e-01
6.950000000000000000e+03 6.988199261656109496e-01
6.960000000000000000e+03 6.988173285581593674e-01
6.970000000000000000e+03 6.988134552924912812e-01
6.980000000000000000e+03 6.988101954747568678e-01
6.990000000000000000e+03 6.988092658857402162e-01
7.000000000000000000e+03 6.988116902887497872e-01
7.010000000000000000e+03 6.988173922007552274e-01
7.020000000000000000e+03 6.988250915176744682e-01
7.030000000000000000e+03 6.988325988248754728e-01
7.040000000000000000e+03 6.988374393165932563e-01
7.050000000000000000e+03 6.988376209394159266e-01
7.060000000000000000e+03 6.988322960249481186e-01
7.070000000000000000e+03 6.988220796974549121e-01
7.080000000000000000e+03 6.988088785093986566e-01
7.090000000000000000e+03 6.987952982952533310e-01
7.100000000000000000e+03 6.987838066844184182e-01
7.110000000000000000e+03 6.987759402241336959e-01
7.120000000000000000e+03 6.987718449975147683e-01
7.130000000000000000e+03 6.987702975811868056e-01
7.140000000000000000e+03 6.987691887710626437e-01
7.150000000000000000e+03 6.987662884354455262e-01
7.160000000000000000e+03 6.987600014025352468e-01
7.170000000000000000e+03 6.987498472235184055e-01
7.180000000000000000e+03 6.987365092724047155e-01
7.190000000000000000e+03 6.987214752492861836e-01
7.200000000000000000e+03 6.987064417572337316e-01
7.210000000000000000e+03 6.986927093239981845e-01
7.220000000000000000e+03 6.986808097308309096e-01
7.230000000000000000e+03 6.986704807384150895e-01
7.240000000000000000e+03 6.986609531208900492e-01
7.250000000000000000e+03 6.986514043143102759e-01
7.260000000000000000e+03 6.986413496678594015e-01
7.270000000000000000e+03 6.986308232874938184e-01
7.280000000000000000e+03 6.986203039055322028e-01
7.290000000000000000e+03 6.986104156485158923e-01
7.300000000000000000e+03 6.986015743800142452e-01
7.310000000000000000e+03 6.985937405996522909e-01
7.320000000000000000e+03 6.985864036596246551e-01
7.330000000000000000e+03 6.985788025397012824e-01
7.340000000000000000e+03 6.985702836799214666e-01
7.350000000000000000e+03 6.985606428641044641e-01
7.360000000000000000e+03 6.985503040049184653e-01
7.370000000000000000e+03 6.985402337320207877e-01
7.380000000000000000e+03 6.985316328119907103e-01
7.390000000000000000e+03 6.985255381055314183e-01
7.400000000000000000e+03 6.985224570457961857e-01
7.410000000000000000e+03 6.985222022441552880e-01
7.420000000000000000e+03 6.985239732935429879e-01
7.430000000000000000e+03 6.985266399493912370e-01
7.440000000000000000e+03 6.985291323144212638e-01
7.450000000000000000e+03 6.985307718342868011e-01
7.460000000000000000e+03 6.985314303063382413e-01
7.470000000000000000e+03 6.985315011702463162e-01
7.480000000000000000e+03 6.985316856826246923e-01
7.490000000000000000e+03 6.985326940811206198e-01
7.500000000000000000e+03 6.985350071886451406e-01
7.510000000000000000e+03 6.985387942228886704e-01
7.520000000000000000e+03 6.985439778855545567e-01
7.530000000000000000e+03 6.985503962869930028e-01
7.540000000000000000e+03 6.985579849572749467e-01
7.550000000000000000e+03 6.985668751253755193e-01
7.560000000000000000e+03 6.985773627494926696e-01
7.570000000000000000e+03 6.985897767830575589e-01
7.580000000000000000e+03 6.986042914022281280e-01
7.590000000000000000e+03 6.986207526064056594e-01
7.600000000000000000e+03 6.986386049790319630e-01
7.610000000000000000e+03 6.986569749027397025e-01
7.620000000000000000e+03 6.986748951263376251e-01
7.630000000000000000e+03 6.986916152331443808e-01
7.640000000000000000e+03 6.987068842429818849e-01
7.650000000000000000e+03 6.987210731489452709e-01
7.660000000000000000e+03 6.987350723634757621e-01
7.670000000000000000e+03 6.987499802744517874e-01
7.680000000000000000e+03 6.987667032466662320e-01
7.690000000000000000e+03 6.987856157021694603e-01
7.700000000000000000e+03 6.988064210354948402e-01
7.710000000000000000e+03 6.988282836088201000e-01
7.720000000000000000e+03 6.988501817116217207e-01
7.730000000000000000e+03 6.988713080902876351e-01
7.740000000000000000e+03 6.988913507607737996e-01
7.750000000000000000e+03 6.989105324641877726e-01
7.760000000000000000e+03 6.989293892382640871e-01
7.770000000000000000e+03 6.989484033309795175e-01
7.780000000000000000e+03 6.989676598876795044e-01
7.790000000000000000e+03 6.989867189084495447e-01
7.800000000000000000e+03 6.990047767093138242e-01
7.810000000000000000e+03 6.990210331452728632e-01
7.820000000000000000e+03 6.990350788050516684e-01
7.830000000000000000e+03 6.990471338666027767e-01
7.840000000000000000e+03 6.990580058560056376e-01
7.850000000000000000e+03 6.990687951397256406e-01
7.860000000000000000e+03 6.990804790145108694e-01
7.870000000000000000e+03 6.990935612700817092e-01
7.880000000000000000e+03 6.991079497964536316e-01
7.890000000000000000e+03 6.991230531142557103e-01
7.900000000000000000e+03 6.991380144999707058e-01
7.910000000000000000e+03 6.991519805443278113e-01
7.920000000000000000e+03 6.991642801856527978e-01
7.930000000000000000e+03 6.991744837010768210e-01
7.940000000000000000e+03 6.991823917456402304e-01
7.950000000000000000e+03 6.991879836633175804e-01
7.960000000000000000e+03 6.991914252873038249e-01
7.970000000000000000e+03 6.991931315874141406e-01
7.980000000000000000e+03 6.991938056146219660e-01
7.990000000000000000e+03 6.991943923937385952e-01
8.000000000000000000e+03 6.991959047579363595e-01
8.010000000000000000e+03 6.991991514551061382e-01
8.020000000000000000e+03 6.992044481047943183e-01
8.030000000000000000e+03 6.992114405674094701e-01
8.040000000000000000e+03 6.992191352575345409e-01
8.050000000000000000e+03 6.992261696004660187e-01
8.060000000000000000e+03 6.992312300296255057e-01
8.070000000000000000e+03 6.992334932043701157e-01
8.080000000000000000e+03 6.992328761672423898e-01
8.090000000000000000e+03 6.992300235818141863e-01
8.100000000000000000e+03 6.992260376362006147e-01
8.110000000000000000e+03 6.992220511618347789e-01
8.120000000000000000e+03 6.992188551454301404e-01
8.130000000000000000e+03 6.992166874933544163e-01
8.140000000000000000e+03 6.992152475305418724e-01
8.150000000000000000e+03 6.992139285940334181e-01
8.160000000000000000e+03 6.992121376537666633e-01
8.170000000000000000e+03 6.992095383953768062e-01
8.180000000000000000e+03 6.992061370728546166e-01
8.190000000000000000e+03 6.992021822093352768e-01
8.200000000000000000e+03 6.991979617057675345e-01
8.210000000000000000e+03 6.991935885325146760e-01
8.220000000000000000e+03 6.991889148424867972e-01
8.230000000000000000e+03 6.991836006529673631e-01
8.240000000000000000e+03 6.991773190552399431e-01
8.250000000000000000e+03 6.991699493056363623e-01
8.260000000000000000e+03 6.991616845930523905e-01
8.270000000000000000e+03 6.991529798915562255e-01
8.280000000000000000e+03 6.991443775036813024e-01
8.290000000000000000e+03 6.991363009776107029e-01
8.300000000000000000e+03 6.991288939393254243e-01
8.310000000000000000e+03 6.991219767077718750e-01
8.320000000000000000e+03 6.991151734197543766e-01
8.330000000000000000e+03 6.991081082125200075e-01
8.340000000000000000e+03 6.991006132378073668e-01
8.350000000000000000e+03 6.990928307154454791e-01
8.360000000000000000e+03 6.990851695167858981e-01
8.370000000000000000e+03 6.990781109869882437e-01
8.380000000000000000e+03 6.990719642883790330e-01
8.390000000000000000e+03 6.990666786511666730e-01
8.400000000000000000e+03 6.990617930462522667e-01
8.410000000000000000e+03 6.990565493276905684e-01
8.420000000000000000e+03 6.990501482887750972e-01
8.430000000000000000e+03 6.990420475903489361e-01
8.440000000000000000e+03 6.990322302187250703e-01
8.450000000000000000e+03 6.990212996313924787e-01
8.460000000000000000e+03 6.990103429483249808e-01
8.470000000000000000e+03 6.990006162975889170e-01
8.480000000000000000e+03 6.989931376747452463e-01
8.490000000000000000e+03 6.989883393286757673e-01
8.500000000000000000e+03 6.989858806015499804e-01
8.510000000000000000e+03 6.989847019040585918e-01
8.520000000000000000e+03 6.989833148116694206e-01
8.530000000000000000e+03 6.989802326513330222e-01
8.540000000000000000e+03 6.989744086640117260e-01
8.550000000000000000e+03 6.989655736321610524e-01
8.560000000000000000e+03 6.989543438158751787e-01
8.570000000000000000e+03 6.989420434882401834e-01
8.580000000000000000e+03 6.989302822991054764e-01
8.590000000000000000e+03 6.989204135715044730e-01
8.600000000000000000e+03 6.989130815877353520e-01
8.610000000000000000e+03 6.989080064217484400e-01
8.620000000000000000e+03 6.989041076755210247e-01
8.630000000000000000e+03 6.988998998219816405e-01
8.640000000000000000e+03 6.988940182712159999e-01
8.650000000000000000e+03 6.988856965535292787e-01
8.660000000000000000e+03 6.988750026300204476e-01
8.670000000000000000e+03 6.988627738380776000e-01
8.680000000000000000e+03 6.988502787710954012e-01
8.690000000000000000e+03 6.988387680349813502e-01
8.700000000000000000e+03 6.988290652503299505e-01
8.710000000000000000e+03 6.988213247376355852e-01
8.720000000000000000e+03 6.988150627941981385e-01
8.730000000000000000e+03 6.988094257080910143e-01
8.740000000000000000e+03 6.988035627308898379e-01
8.750000000000000000e+03 6.987969744528379490e-01
8.760000000000000000e+03 6.987896884490877314e-01
8.770000000000000000e+03 6.987821827244455886e-01
8.780000000000000000e+03 6.987751355379390183e-01
8.790000000000000000e+03 6.987691161714637555e-01
8.800000000000000000e+03 6.987643502360316727e-01
8.810000000000000000e+03 6.987606553415189881e-01
8.820000000000000000e+03 6.987575617974580711e-01
8.830000000000000000e+03 6.987545903577963013e-01
8.840000000000000000e+03 6.987515320196711066e-01
8.850000000000000000e+03 6.987486290942458433e-01
8.860000000000000000e+03 6.987465683354098234e-01
8.870000000000000000e+03 6.987462645008596374e-01
8.880000000000000000e+03 6.987484919590272181e-01
8.890000000000000000e+03 6.987535273620236742e-01
8.900000000000000000e+03 6.987609566273250694e-01
8.910000000000000000e+03 6.987697161401592583e-01
8.920000000000000000e+03 6.987783969794405525e-01
8.930000000000000000e+03 6.987856914673271636e-01
8.940000000000000000e+03 6.987908116970205086e-01
8.950000000000000000e+03 6.987937165763696834e-01
8.960000000000000000e+03 6.987950748593482198e-01
8.970000000000000000e+03 6.987959612251244401e-01
8.980000000000000000e+03 6.987974420455206337e-01
8.990000000000000000e+03 6.988002026334725336e-01
9.000000000000000000e+03 6.988043425145873400e-01
9.010000000000000000e+03 6.988094458733601355e-01
9.020000000000000000e+03 6.988148544009058494e-01
9.030000000000000000e+03 6.988200281353268428e-01
9.040000000000000000e+03 6.988248539787171865e-01
9.050000000000000000e+03 6.988297474631157691e-01
9.060000000000000000e+03 6.988354860131194002e-01
9.070000000000000000e+03 6.988428571292125691e-01
9.080000000000000000e+03 6.988522638092918848e-01
9.090000000000000000e+03 6.988634578269549147e-01
9.100000000000000000e+03 6.988754907748653267e-01
9.110000000000000000e+03 6.988869285974037560e-01
9.120000000000000000e+03 6.988962640989143660e-01
9.130000000000000000e+03 6.989023712238398023e-01
9.140000000000000000e+03 6.989048500418173493e-01
9.150000000000000000e+03 6.989041556113095854e-01
9.160000000000000000e+03 6.989014588440322084e-01
9.170000000000000000e+03 6.988982843902563635e-01
9.180000000000000000e+03 6.988960586148261767e-01
9.190000000000000000e+03 6.988957154712064357e-01
9.200000000000000000e+03 6.988974962434885141e-01
9.210000000000000000e+03 6.989010057166119561e-01
9.220000000000000000e+03 6.989054585586741419e-01
9.230000000000000000e+03 6.989100140231188085e-01
9.240000000000000000e+03 6.989140301126260946e-01
9.250000000000000000e+03 6.989171651066439228e-01
9.260000000000000000e+03 6.989193496924007709e-01
9.270000000000000000e+03 6.989206530154112862e-01
9.280000000000000000e+03 6.989211085041751037e-01
9.290000000000000000e+03 6.989206138118482237e-01
9.300000000000000000e+03 6.989189260371644341e-01
9.310000000000000000e+03 6.989157849144896906e-01
9.320000000000000000e+03 6.989110898133181760e-01
9.330000000000000000e+03 6.989050284617098763e-01
9.340000000000000000e+03 6.988981026527528728e-01
9.350000000000000000e+03 6.988910354653039558e-01
9.360000000000000000e+03 6.988845542084135554e-01
9.370000000000000000e+03 6.988791196000966321e-01
9.380000000000000000e+03 6.988747527354930433e-01
9.390000000000000000e+03 6.988709915178987764e-01
9.400000000000000000e+03 6.988670462898649571e-01
9.410000000000000000e+03 6.988620477483552529e-01
9.420000000000000000e+03 6.988553436578002209e-01
9.430000000000000000e+03 6.988467344227851097e-01
9.440000000000000000e+03 6.988365720963340966e-01
9.450000000000000000e+03 6.988256766661163910e-01
9.460000000000000000e+03 6.988150807148333366e-01
9.470000000000000000e+03 6.988057129799418732e-01
9.480000000000000000e+03 6.987981101743830914e-01
9.490000000000000000e+03 6.987922545798087581e-01
9.500000000000000000e+03 6.987875858164409593e-01
9.510000000000000000e+03 6.987832025870932551e-01
9.520000000000000000e+03 6.987781514899141788e-01
9.530000000000000000e+03 6.987717138408464645e-01
9.540000000000000000e+03 6.987636054548658215e-01
9.550000000000000000e+03 6.987540368391670365e-01
9.560000000000000000e+03 6.987436449953378093e-01
9.570000000000000000e+03 6.987333232709707076e-01
9.580000000000000000e+03 6.987240003699750623e-01
9.590000000000000000e+03 6.987164468047137866e-01
9.600000000000000000e+03 6.987111252149510454e-01
9.610000000000000000e+03 6.987081181946742658e-01
9.620000000000000000e+03 6.987071424398205721e-01
9.630000000000000000e+03 6.987076322985731336e-01
9.640000000000000000e+03 6.987088731507475892e-01
9.650000000000000000e+03 6.987101415644279001e-01
9.660000000000000000e+03 6.987107895963134974e-01
9.670000000000000000e+03 6.987102988581419538e-01
9.680000000000000000e+03 6.987083123217080471e-01
9.690000000000000000e+03 6.987046437047949032e-01
9.700000000000000000e+03 6.986993227271011131e-01
9.710000000000000000e+03 6.986926685582371954e-01
9.720000000000000000e+03 6.986853259132926874e-01
9.730000000000000000e+03 6.986782556118157350e-01
9.740000000000000000e+03 6.986726415158353021e-01
9.750000000000000000e+03 6.986696764767553747e-01
9.760000000000000000e+03 6.986702705499087118e-01
9.770000000000000000e+03 6.986747382261505601e-01
9.780000000000000000e+03 6.986826262195374726e-01
9.790000000000000000e+03 6.986927281055969052e-01
9.800000000000000000e+03 6.987033188392298699e-01
9.810000000000000000e+03 6.987125910751185165e-01
9.820000000000000000e+03 6.987191461603347031e-01
9.830000000000000000e+03 6.987223698406508365e-01
9.840000000000000000e+03 6.987225792307071304e-01
9.850000000000000000e+03 6.987208993279017122e-01
9.860000000000000000e+03 6.987188966900810261e-01
9.870000000000000000e+03 6.987181235858169748e-01
9.880000000000000000e+03 6.987197064165415750e-01
9.890000000000000000e+03 6.987241485177554390e-01
9.900000000000000000e+03 6.987313767734465442e-01
9.910000000000000000e+03 6.987409611475395854e-01
9.920000000000000000e+03 6.987523858446387237e-01
9.930000000000000000e+03 6.987652569965557836e-01
9.940000000000000000e+03 6.987793512219252490e-01
9.950000000000000000e+03 6.987945258206074151e-01
9.960000000000000000e+03 6.988105628499362565e-01
9.970000000000000000e+03 6.988270417974226101e-01
9.980000000000000000e+03 6.988433086339568279e-01
9.990000000000000000e+03 6.988586122323248162e-01
1.000000000000000000e+04 6.988723337355591259e-01
