Time	Population
0.000000000000000000e+00 1.888425175631916753e-01
1.000000000000000000e+01 1.894577241978963877e-01
2.000000000000000000e+01 1.912815713762325009e-01
3.000000000000000000e+01 1.942361046616591647e-01
4.000000000000000000e+01 1.981919521096013326e-01
5.000000000000000000e+01 2.029751779619595464e-01
6.000000000000000000e+01 2.083779746579361714e-01
7.000000000000000000e+01 2.141703284170818622e-01
8.000000000000000000e+01 2.201122076663503402e-01
9.000000000000000000e+01 2.259653900257790060e-01
1.000000000000000000e+02 2.315041694890282997e-01
1.100000000000000000e+02 2.365243808817192039e-01
1.200000000000000000e+02 2.408504003476819866e-01
1.300000000000000000e+02 2.443399909206349918e-01
1.400000000000000000e+02 2.468870748159015804e-01
1.500000000000000000e+02 2.484226466322153049e-01
1.600000000000000000e+02 2.489141254471784470e-01
1.700000000000000000e+02 2.483634963481239077e-01
1.800000000000000000e+02 2.468045831085045327e-01
1.900000000000000000e+02 2.442997176541227000e-01
2.000000000000000000e+02 2.409360285727254747e-01
2.100000000000000000e+02 2.368214628408364941e-01
2.200000000000000000e+02 2.320806210049406737e-01
2.300000000000000000e+02 2.268503969958910182e-01
2.400000000000000000e+02 2.212754339498539669e-01
2.500000000000000000e+02 2.155033846874649106e-01
2.600000000000000000e+02 2.096799882014133143e-01
2.700000000000000000e+02 2.039440822701319989e-01
2.800000000000000000e+02 1.984226868070529115e-01
2.900000000000000000e+02 1.932264016335739909e-01
3.000000000000000000e+02 1.884454020337060498e-01
3.100000000000000000e+02 1.841462866808697973e-01
3.200000000000000000e+02 1.803700864971229667e-01
3.300000000000000000e+02 1.771316977769565315e-01
3.400000000000000000e+02 1.744207873396056430e-01
3.500000000000000000e+02 1.722042144465527336e-01
3.600000000000000000e+02 1.704297897666323114e-01
3.700000000000000000e+02 1.690311160152235259e-01
3.800000000000000000e+02 1.679330984162720752e-01
3.900000000000000000e+02 1.670576146219887870e-01
4.000000000000000000e+02 1.663288620217355795e-01
4.100000000000000000e+02 1.656779821926846197e-01
4.200000000000000000e+02 1.650465861187365157e-01
4.300000000000000000e+02 1.643890179547283226e-01
4.400000000000000000e+02 1.636732236295872778e-01
4.500000000000000000e+02 1.628803824642202080e-01
4.600000000000000000e+02 1.620035220572711709e-01
4.700000000000000000e+02 1.610453556429514155e-01
4.800000000000000000e+02 1.600157317908061094e-01
4.900000000000000000e+02 1.589290357630415151e-01
5.000000000000000000e+02 1.578016918604008001e-01
5.100000000000000000e+02 1.566500547370147378e-01
5.200000000000000000e+02 1.554888742688092518e-01
5.300000000000000000e+02 1.543302627191453780e-01
5.400000000000000000e+02 1.531831403864190588e-01
5.500000000000000000e+02 1.520531858819747228e-01
5.600000000000000000e+02 1.509431064487690988e-01
5.700000000000000000e+02 1.498531398499013678e-01
5.800000000000000000e+02 1.487816567607558871e-01
5.900000000000000000e+02 1.477257583641638505e-01
6.000000000000000000e+02 1.466818489077753307e-01
6.100000000000000000e+02 1.456461510470385967e-01
6.200000000000000000e+02 1.446150445647697014e-01
6.300000000000000000e+02 1.435853185306394941e-01
6.400000000000000000e+02 1.425543130320546248e-01
6.500000000000000000e+02 1.415199690643994812e-01
6.600000000000000000e+02 1.404807999128604434e-01
6.700000000000000000e+02 1.394358121439461806e-01
6.800000000000000000e+02 1.383844106163830967e-01
6.900000000000000000e+02 1.373263104101115628e-01
7.000000000000000000e+02 1.362614277494641757e-01
7.100000000000000000e+02 1.351897730683446208e-01
7.200000000000000000e+02 1.341114343784757523e-01
7.300000000000000000e+02 1.330265377135639582e-01
7.400000000000000000e+02 1.319352046159658898e-01
7.500000000000000000e+02 1.308375372276860682e-01
7.600000000000000000e+02 1.297336373937828524e-01
7.700000000000000000e+02 1.286236145531300945e-01
7.800000000000000000e+02 1.275075654586426965e-01
7.900000000000000000e+02 1.263855675432738468e-01
8.000000000000000000e+02 1.252576764850945878e-01
8.100000000000000000e+02 1.241239205716304361e-01
8.200000000000000000e+02 1.229842515918444928e-01
8.300000000000000000e+02 1.218385018027208222e-01
8.400000000000000000e+02 1.206863586832317564e-01
8.500000000000000000e+02 1.195273152840668068e-01
8.600000000000000000e+02 1.183605910827194990e-01
8.700000000000000000e+02 1.171850753723641531e-01
8.800000000000000000e+02 1.159993019823138682e-01
8.900000000000000000e+02 1.148014162552129097e-01
9.000000000000000000e+02 1.135891519512581271e-01
9.100000000000000000e+02 1.123598415191298799e-01
9.200000000000000000e+02 1.111104016995268229e-01
9.300000000000000000e+02 1.098373500325767194e-01
9.400000000000000000e+02 1.085368959062669031e-01
9.500000000000000000e+02 1.072050335245085945e-01
9.600000000000000000e+02 1.058376633044643689e-01
9.700000000000000000e+02 1.044307173439589231e-01
9.800000000000000000e+02 1.029803201843705468e-01
9.900000000000000000e+02 1.014829894213585548e-01
1.000000000000000000e+03 9.993585855377286331e-02
1.010000000000000000e+03 9.833688974391872895e-02
1.020000000000000000e+03 9.668509797813740203e-02
1.030000000000000000e+03 9.498075155299118277e-02
1.040000000000000000e+03 9.322554776673290522e-02
1.050000000000000000e+03 9.142274524528158641e-02
1.060000000000000000e+03 8.957723325979626006e-02
1.070000000000000000e+03 8.769553051038780911e-02
1.080000000000000000e+03 8.578573766292926783e-02
1.090000000000000000e+03 8.385739136874981181e-02
1.100000000000000000e+03 8.192122793474833353e-02
1.110000000000000000e+03 7.998887184155183128e-02
1.120000000000000000e+03 7.807246654931319918e-02
1.130000000000000000e+03 7.618426736766688301e-02
1.140000000000000000e+03 7.433619994774703921e-02
1.150000000000000000e+03 7.253940987673672403e-02
1.160000000000000000e+03 7.080384107654637271e-02
1.170000000000000000e+03 6.913787157447549847e-02
1.180000000000000000e+03 6.754802858882101579e-02
1.190000000000000000e+03 6.603880721008764665e-02
1.200000000000000000e+03 6.461259453333231817e-02
1.210000000000000000e+03 6.326969770645318736e-02
1.220000000000000000e+03 6.200848330722066870e-02
1.230000000000000000e+03 6.082562356034215689e-02
1.240000000000000000e+03 5.971641519197647130e-02
1.250000000000000000e+03 5.867514582627911257e-02
1.260000000000000000e+03 5.769548561699986561e-02
1.270000000000000000e+03 5.677086749339649296e-02
1.280000000000000000e+03 5.589483952016303242e-02
1.290000000000000000e+03 5.506136479716185889e-02
1.300000000000000000e+03 5.426504626526555686e-02
1.310000000000000000e+03 5.350128232717158566e-02
1.320000000000000000e+03 5.276635016899158120e-02
1.330000000000000000e+03 5.205740608936886699e-02
1.340000000000000000e+03 5.137241196002870908e-02
1.350000000000000000e+03 5.071000252160287602e-02
1.360000000000000000e+03 5.006932115044485793e-02
1.370000000000000000e+03 4.944985070571494834e-02
1.380000000000000000e+03 4.885124885477837298e-02
1.390000000000000000e+03 4.827320121507509137e-02
1.400000000000000000e+03 4.771530625993734148e-02
1.410000000000000000e+03 4.717702007733150932e-02
1.420000000000000000e+03 4.665765085121027084e-02
1.430000000000000000e+03 4.615638472757867955e-02
1.440000000000000000e+03 4.567233514241293008e-02
1.450000000000000000e+03 4.520460723804972658e-02
1.460000000000000000e+03 4.475235746687031974e-02
1.470000000000000000e+03 4.431484414911783520e-02
1.480000000000000000e+03 4.389146727804522918e-02
1.490000000000000000e+03 4.348178850326230721e-02
1.500000000000000000e+03 4.308552871075316953e-02
1.510000000000000000e+03 4.270254442049986610e-02
1.520000000000000000e+03 4.233280044320710672e-02
1.530000000000000000e+03 4.197634144512209925e-02
1.540000000000000000e+03 4.163325003030840521e-02
1.550000000000000000e+03 4.130360830136944883e-02
1.560000000000000000e+03 4.098747796630473200e-02
1.570000000000000000e+03 4.068488028183289695e-02
1.580000000000000000e+03 4.039577011166559095e-02
1.590000000000000000e+03 4.012001288993383846e-02
1.600000000000000000e+03 3.985736330181870873e-02
1.610000000000000000e+03 3.960744551919929274e-02
1.620000000000000000e+03 3.936973368852365873e-02
1.630000000000000000e+03 3.914353050525646444e-02
1.640000000000000000e+03 3.892794959715436404e-02
1.650000000000000000e+03 3.872190313588907973e-02
1.660000000000000000e+03 3.852409511656013780e-02
1.670000000000000000e+03 3.833302244334232250e-02
1.680000000000000000e+03 3.814697568362582225e-02
1.690000000000000000e+03 3.796403964572910711e-02
1.700000000000000000e+03 3.778209840002239722e-02
1.710000000000000000e+03 3.759884033143507526e-02
1.720000000000000000e+03 3.741177125645691465e-02
1.730000000000000000e+03 3.721823440755112067e-02
1.740000000000000000e+03 3.701543791475180034e-02
1.750000000000000000e+03 3.680049089816090496e-02
1.760000000000000000e+03 3.657045067119926718e-02
1.770000000000000000e+03 3.632238138736274685e-02
1.780000000000000000e+03 3.605342370915311234e-02
1.790000000000000000e+03 3.576087760809248950e-02
1.800000000000000000e+03 3.544229142304842345e-02
1.810000000000000000e+03 3.509554590386861767e-02
1.820000000000000000e+03 3.471893086591253119e-02
1.830000000000000000e+03 3.431121373818448589e-02
1.840000000000000000e+03 3.387169899195639766e-02
1.850000000000000000e+03 3.340027737642901895e-02
1.860000000000000000e+03 3.289746263196894477e-02
1.870000000000000000e+03 3.236441358186224748e-02
1.880000000000000000e+03 3.180293788962303136e-02
1.890000000000000000e+03 3.121547648000105174e-02
1.900000000000000000e+03 3.060507269971007860e-02
1.910000000000000000e+03 2.997532685029359253e-02
1.920000000000000000e+03 2.933033310331286184e-02
1.930000000000000000e+03 2.867459642804149472e-02
1.940000000000000000e+03 2.801293132097797470e-02
1.950000000000000000e+03 2.735034592978921944e-02
1.960000000000000000e+03 2.669191563094268360e-02
1.970000000000000000e+03 2.604264935287395333e-02
1.980000000000000000e+03 2.540735122649000199e-02
1.990000000000000000e+03 2.479048243666419696e-02
2.000000000000000000e+03 2.419603079682927996e-02
2.010000000000000000e+03 2.362739462319901965e-02
2.020000000000000000e+03 2.308728855431139287e-02
2.030000000000000000e+03 2.257768055744108562e-02
2.040000000000000000e+03 2.209976733658548798e-02
2.050000000000000000e+03 2.165399252725675253e-02
2.060000000000000000e+03 2.124010983791363438e-02
2.070000000000000000e+03 2.085728918196567278e-02
2.080000000000000000e+03 2.050425524859812026e-02
2.090000000000000000e+03 2.017944086624223060e-02
2.100000000000000000e+03 1.988113754702485608e-02
2.110000000000000000e+03 1.960762821478691936e-02
2.120000000000000000e+03 1.935729130422019981e-02
2.130000000000000000e+03 1.912866969935130348e-02
2.140000000000000000e+03 1.892050297769738015e-02
2.150000000000000000e+03 1.873173010439462688e-02
2.160000000000000000e+03 1.856147297768934515e-02
2.170000000000000000e+03 1.840901221147811170e-02
2.180000000000000000e+03 1.827376787069406178e-02
2.190000000000000000e+03 1.815529183317827686e-02
2.200000000000000000e+03 1.805326838139509338e-02
2.210000000000000000e+03 1.796751772026144306e-02
2.220000000000000000e+03 1.789799955958824504e-02
2.230000000000000000e+03 1.784481137811020496e-02
2.240000000000000000e+03 1.780817525278845584e-02
2.250000000000000000e+03 1.778841013975876115e-02
2.260000000000000000e+03 1.778589211879519350e-02
2.270000000000000000e+03 1.780100961793308970e-02
2.280000000000000000e+03 1.783412195989943563e-02
2.290000000000000000e+03 1.788552917957863392e-02
2.300000000000000000e+03 1.795545736880949789e-02
2.310000000000000000e+03 1.804405988790489315e-02
2.320000000000000000e+03 1.815143177745168201e-02
2.330000000000000000e+03 1.827763091746480509e-02
2.340000000000000000e+03 1.842269766093498906e-02
2.350000000000000000e+03 1.858666552111103501e-02
2.360000000000000000e+03 1.876956046434878969e-02
2.370000000000000000e+03 1.897139030483271926e-02
2.380000000000000000e+03 1.919212257101664959e-02
2.390000000000000000e+03 1.943165371194937110e-02
2.400000000000000000e+03 1.968977876509023228e-02
2.410000000000000000e+03 1.996616689133202255e-02
2.420000000000000000e+03 2.026034564385342102e-02
2.430000000000000000e+03 2.057169322708107817e-02
2.440000000000000000e+03 2.089943408657542884e-02
2.450000000000000000e+03 2.124263509360063695e-02
2.460000000000000000e+03 2.160019779127765951e-02
2.470000000000000000e+03 2.197084334345079937e-02
2.480000000000000000e+03 2.235308897427727703e-02
2.490000000000000000e+03 2.274521689941618949e-02
2.500000000000000000e+03 2.314523675271966049e-02
2.510000000000000000e+03 2.355084577210541860e-02
2.520000000000000000e+03 2.395939407540559687e-02
2.530000000000000000e+03 2.436786144035132592e-02
2.540000000000000000e+03 2.477285229429949595e-02
2.550000000000000000e+03 2.517061436244961981e-02
2.560000000000000000e+03 2.555708257848810297e-02
2.570000000000000000e+03 2.592794637425354862e-02
2.580000000000000000e+03 2.627873762757068979e-02
2.590000000000000000e+03 2.660493466853201469e-02
2.600000000000000000e+03 2.690207540486077784e-02
2.610000000000000000e+03 2.716587494576338385e-02
2.620000000000000000e+03 2.739233840660442593e-02
2.630000000000000000e+03 2.757786208774369238e-02
2.640000000000000000e+03 2.771932070143285146e-02
2.650000000000000000e+03 2.781413849408330766e-02
2.660000000000000000e+03 2.786034417055291076e-02
2.670000000000000000e+03 2.785660930748081257e-02
2.680000000000000000e+03 2.780226735918988820e-02
2.690000000000000000e+03 2.769731509447300941e-02
2.700000000000000000e+03 2.754240139319686503e-02
2.710000000000000000e+03 2.733880659275084168e-02
2.720000000000000000e+03 2.708841471387741021e-02
2.730000000000000000e+03 2.679367802176669047e-02
2.740000000000000000e+03 2.645757477811709613e-02
2.750000000000000000e+03 2.608356450392654638e-02
2.760000000000000000e+03 2.567554140631898851e-02
2.770000000000000000e+03 2.523778471266361137e-02
2.780000000000000000e+03 2.477489968549272115e-02
2.790000000000000000e+03 2.429174591083754428e-02
2.800000000000000000e+03 2.379335624417079631e-02
2.810000000000000000e+03 2.328484338498482478e-02
2.820000000000000000e+03 2.277128827654051682e-02
2.830000000000000000e+03 2.225761158497380557e-02
2.840000000000000000e+03 2.174843424891477472e-02
2.850000000000000000e+03 2.124793476575566678e-02
2.860000000000000000e+03 2.075971509075465182e-02
2.870000000000000000e+03 2.028669050385871822e-02
2.880000000000000000e+03 1.983101515292076678e-02
2.890000000000000000e+03 1.939405173223294684e-02
2.900000000000000000e+03 1.897639374329018400e-02
2.910000000000000000e+03 1.857794356890983892e-02
2.920000000000000000e+03 1.819803847992846127e-02
2.930000000000000000e+03 1.783561038178451894e-02
2.940000000000000000e+03 1.748936110609208838e-02
2.950000000000000000e+03 1.715792958341171709e-02
2.960000000000000000e+03 1.684002845055762934e-02
2.970000000000000000e+03 1.653453709339162275e-02
2.980000000000000000e+03 1.624055055159477276e-02
2.990000000000000000e+03 1.595739283955041263e-02
3.000000000000000000e+03 1.568460909201198350e-02
3.010000000000000000e+03 1.542195126597137485e-02
3.020000000000000000e+03 1.516937150070422555e-02
3.030000000000000000e+03 1.492702742612530935e-02
3.040000000000000000e+03 1.469529308775600028e-02
3.050000000000000000e+03 1.447476273190008954e-02
3.060000000000000000e+03 1.426623064201424512e-02
3.070000000000000000e+03 1.407063300745046812e-02
3.080000000000000000e+03 1.388894642639048292e-02
3.090000000000000000e+03 1.372205266139362237e-02
3.100000000000000000e+03 1.357059679919027720e-02
3.110000000000000000e+03 1.343487163501362429e-02
3.120000000000000000e+03 1.331475550190460919e-02
3.130000000000000000e+03 1.320972046807122706e-02
3.140000000000000000e+03 1.311891331631258838e-02
3.150000000000000000e+03 1.304129330759610204e-02
3.160000000000000000e+03 1.297579601494065239e-02
3.170000000000000000e+03 1.292148682241038050e-02
3.180000000000000000e+03 1.287767477393416717e-02
3.190000000000000000e+03 1.284397002864887984e-02
3.200000000000000000e+03 1.282027849485524104e-02
3.210000000000000000e+03 1.280673949700032906e-02
3.220000000000000000e+03 1.280362834347542958e-02
3.230000000000000000e+03 1.281125456379840662e-02
3.240000000000000000e+03 1.282987953194332682e-02
3.250000000000000000e+03 1.285966431714624485e-02
3.260000000000000000e+03 1.290064889533720609e-02
3.270000000000000000e+03 1.295275633952274255e-02
3.280000000000000000e+03 1.301581432101173684e-02
3.290000000000000000e+03 1.308958460098126088e-02
3.300000000000000000e+03 1.317379059516112123e-02
3.310000000000000000e+03 1.326813619880635141e-02
3.320000000000000000e+03 1.337231251020360584e-02
3.330000000000000000e+03 1.348599131542615320e-02
3.340000000000000000e+03 1.360880512765625001e-02
3.350000000000000000e+03 1.374031570060029947e-02
3.360000000000000000e+03 1.387997597363675728e-02
3.370000000000000000e+03 1.402709252665837285e-02
3.380000000000000000e+03 1.418079351799196412e-02
3.390000000000000000e+03 1.434000285935088659e-02
3.400000000000000000e+03 1.450342260262366470e-02
3.410000000000000000e+03 1.466952774443324933e-02
3.420000000000000000e+03 1.483657726237484764e-02
3.430000000000000000e+03 1.500264235958647177e-02
3.440000000000000000e+03 1.516565037805907463e-02
3.450000000000000000e+03 1.532344162661380439e-02
3.460000000000000000e+03 1.547383232314963192e-02
3.470000000000000000e+03 1.561467392791114454e-02
3.480000000000000000e+03 1.574390261196266863e-02
3.490000000000000000e+03 1.585957899736750720e-02
3.500000000000000000e+03 1.595992066256243444e-02
3.510000000000000000e+03 1.604333012772310094e-02
3.520000000000000000e+03 1.610842197523227118e-02
3.530000000000000000e+03 1.615405248285937609e-02
3.540000000000000000e+03 1.617935113289496393e-02
3.550000000000000000e+03 1.618375130469087986e-02
3.560000000000000000e+03 1.616701668996801608e-02
3.570000000000000000e+03 1.612925888567785793e-02
3.580000000000000000e+03 1.607094195531485331e-02
3.590000000000000000e+03 1.599287107769366278e-02
3.600000000000000000e+03 1.589616292151550814e-02
3.610000000000000000e+03 1.578219690538563633e-02
3.620000000000000000e+03 1.565254902428087763e-02
3.630000000000000000e+03 1.550891305068600838e-02
3.640000000000000000e+03 1.535301456961200503e-02
3.650000000000000000e+03 1.518652639989446010e-02
3.660000000000000000e+03 1.501099572731474582e-02
3.670000000000000000e+03 1.482779039575786439e-02
3.680000000000000000e+03 1.463807014900689665e-02
3.690000000000000000e+03 1.444278648638520901e-02
3.700000000000000000e+03 1.424271064591798967e-02
3.710000000000000000e+03 1.403848573421209202e-02
3.720000000000000000e+03 1.383069478620944752e-02
3.730000000000000000e+03 1.361993476138853749e-02
3.740000000000000000e+03 1.340688449668586343e-02
3.750000000000000000e+03 1.319235594899742514e-02
3.760000000000000000e+03 1.297732204268168751e-02
3.770000000000000000e+03 1.276291591437513431e-02
3.780000000000000000e+03 1.255040065355848139e-02
3.790000000000000000e+03 1.234111564455926853e-02
3.800000000000000000e+03 1.213640921785870755e-02
3.810000000000000000e+03 1.193756763841889203e-02
3.820000000000000000e+03 1.174575149031682232e-02
3.830000000000000000e+03 1.156194522089269185e-02
3.840000000000000000e+03 1.138691967539255147e-02
3.850000000000000000e+03 1.122120569882348491e-02
3.860000000000000000e+03 1.106507582428768385e-02
3.870000000000000000e+03 1.091853338318968247e-02
3.880000000000000000e+03 1.078131310237817261e-02
3.890000000000000000e+03 1.065289843846902243e-02
3.900000000000000000e+03 1.053256127637644535e-02
3.910000000000000000e+03 1.041942900431039841e-02
3.920000000000000000e+03 1.031257822622243941e-02
3.930000000000000000e+03 1.021114555686121299e-02
3.940000000000000000e+03 1.011443700483131286e-02
3.950000000000000000e+03 1.002201235669390039e-02
3.960000000000000000e+03 9.933723594536399484e-03
3.970000000000000000e+03 9.849696450504713194e-03
3.980000000000000000e+03 9.770260127878908213e-03
3.990000000000000000e+03 9.695842454255180001e-03
4.000000000000000000e+03 9.626858564358535889e-03
4.010000000000000000e+03 9.563623533137943777e-03
4.020000000000000000e+03 9.506313309477066112e-03
4.030000000000000000e+03 9.454980639661453995e-03
4.040000000000000000e+03 9.409615337207549723e-03
4.050000000000000000e+03 9.370226177968772260e-03
4.060000000000000000e+03 9.336913631152004428e-03
4.070000000000000000e+03 9.309905121194644861e-03
4.080000000000000000e+03 9.289542047528794727e-03
4.090000000000000000e+03 9.276222411951490915e-03
4.100000000000000000e+03 9.270312504069726234e-03
4.110000000000000000e+03 9.272048296256650904e-03
4.120000000000000000e+03 9.281446652777849624e-03
4.130000000000000000e+03 9.298241019121217255e-03
4.140000000000000000e+03 9.321849978438776288e-03
4.150000000000000000e+03 9.351379862181919550e-03
4.160000000000000000e+03 9.385661446808983913e-03
4.170000000000000000e+03 9.423320216899252685e-03
4.180000000000000000e+03 9.462879960970433865e-03
4.190000000000000000e+03 9.502900800388102906e-03
4.200000000000000000e+03 9.542140578675559898e-03
4.210000000000000000e+03 9.579716335559458965e-03
4.220000000000000000e+03 9.615241274889163581e-03
4.230000000000000000e+03 9.648912473251867322e-03
4.240000000000000000e+03 9.681525532585388838e-03
4.250000000000000000e+03 9.714401234616632658e-03
4.260000000000000000e+03 9.749225993787111882e-03
4.270000000000000000e+03 9.787825464985215260e-03
4.280000000000000000e+03 9.831902844293426841e-03
4.290000000000000000e+03 9.882781529419114655e-03
4.300000000000000000e+03 9.941196213524565450e-03
4.310000000000000000e+03 1.000717201996880086e-02
4.320000000000000000e+03 1.008001279364143660e-02
4.330000000000000000e+03 1.015840067782891251e-02
4.340000000000000000e+03 1.024058728489457212e-02
4.350000000000000000e+03 1.032463918540572206e-02
4.360000000000000000e+03 1.040868779656147804e-02
4.370000000000000000e+03 1.049113030276425072e-02
4.380000000000000000e+03 1.057074359331834634e-02
4.390000000000000000e+03 1.064669470517411350e-02
4.400000000000000000e+03 1.071845546527076115e-02
4.410000000000000000e+03 1.078564804519521574e-02
4.420000000000000000e+03 1.084786383058804378e-02
4.430000000000000000e+03 1.090450516356740451e-02
4.440000000000000000e+03 1.095469038670002053e-02
4.450000000000000000e+03 1.099725198901852462e-02
4.460000000000000000e+03 1.103083537152988076e-02
4.470000000000000000e+03 1.105408289712492449e-02
4.480000000000000000e+03 1.106586836889646153e-02
4.490000000000000000e+03 1.106552962968664934e-02
4.500000000000000000e+03 1.105304140127163180e-02
4.510000000000000000e+03 1.102908079231181004e-02
4.520000000000000000e+03 1.099496315993496801e-02
4.530000000000000000e+03 1.095245140230669684e-02
4.540000000000000000e+03 1.090347109301001947e-02
4.550000000000000000e+03 1.084978835041974787e-02
4.560000000000000000e+03 1.079271548448067393e-02
4.570000000000000000e+03 1.073290860771957192e-02
4.580000000000000000e+03 1.067030656878724566e-02
4.590000000000000000e+03 1.060422352853447429e-02
4.600000000000000000e+03 1.053357071068372272e-02
4.610000000000000000e+03 1.045715693191155704e-02
4.620000000000000000e+03 1.037399919117738649e-02
4.630000000000000000e+03 1.028357804209854495e-02
4.640000000000000000e+03 1.018598267327094041e-02
4.650000000000000000e+03 1.008192176460086242e-02
4.660000000000000000e+03 9.972608419093026769e-03
4.670000000000000000e+03 9.859557879632699709e-03
4.680000000000000000e+03 9.744350228617760720e-03
4.690000000000000000e+03 9.628413692403336652e-03
4.700000000000000000e+03 9.512870224095368657e-03
4.710000000000000000e+03 9.398465981031157296e-03
4.720000000000000000e+03 9.285588153983623597e-03
4.730000000000000000e+03 9.174351239925573193e-03
4.740000000000000000e+03 9.064724642826866088e-03
4.750000000000000000e+03 8.956669038400276450e-03
4.760000000000000000e+03 8.850252659147602244e-03
4.770000000000000000e+03 8.745722364741585070e-03
4.780000000000000000e+03 8.643513862679762932e-03
4.790000000000000000e+03 8.544204594219799789e-03
4.800000000000000000e+03 8.448420283900944308e-03
4.810000000000000000e+03 8.356711105470733883e-03
4.820000000000000000e+03 8.269418919587840505e-03
4.830000000000000000e+03 8.186558375527319339e-03
4.840000000000000000e+03 8.107735712265211683e-03
4.850000000000000000e+03 8.032134430936817282e-03
4.860000000000000000e+03 7.958589843632790650e-03
4.870000000000000000e+03 7.885758331589332037e-03
4.880000000000000000e+03 7.812355332315192719e-03
4.890000000000000000e+03 7.737417930176790533e-03
4.900000000000000000e+03 7.660539510825037715e-03
4.910000000000000000e+03 7.582017713675423369e-03
4.920000000000000000e+03 7.502857756614826276e-03
4.930000000000000000e+03 7.424610796229558739e-03
4.940000000000000000e+03 7.349071386577947160e-03
4.950000000000000000e+03 7.277896936751956231e-03
4.960000000000000000e+03 7.212235908376330752e-03
4.970000000000000000e+03 7.152461143799333267e-03
4.980000000000000000e+03 7.098084346256792500e-03
4.990000000000000000e+03 7.047878817734303490e-03
5.000000000000000000e+03 7.000181531908991096e-03
5.010000000000000000e+03 6.953298164272118595e-03
5.020000000000000000e+03 6.905898207568331171e-03
5.030000000000000000e+03 6.857293486070693660e-03
5.040000000000000000e+03 6.807536129878465070e-03
5.050000000000000000e+03 6.757322443008346655e-03
5.060000000000000000e+03 6.707740606470695942e-03
5.070000000000000000e+03 6.659944481408214614e-03
5.080000000000000000e+03 6.614849220228026690e-03
5.090000000000000000e+03 6.572932349721582503e-03
5.100000000000000000e+03 6.534190283822849388e-03
5.110000000000000000e+03 6.498244789174623462e-03
5.120000000000000000e+03 6.464545181639050515e-03
5.130000000000000000e+03 6.432586734539583358e-03
5.140000000000000000e+03 6.402051620691702645e-03
5.150000000000000000e+03 6.372821247727446063e-03
5.160000000000000000e+03 6.344861200041926851e-03
5.170000000000000000e+03 6.318025674652474194e-03
5.180000000000000000e+03 6.291875519451930847e-03
5.190000000000000000e+03 6.265609884304725909e-03
5.200000000000000000e+03 6.238177973999343116e-03
5.210000000000000000e+03 6.208567688339501622e-03
5.220000000000000000e+03 6.176187593208154990e-03
5.230000000000000000e+03 6.141209433743453384e-03
5.240000000000000000e+03 6.104729158852548881e-03
5.250000000000000000e+03 6.068658153652899644e-03
5.260000000000000000e+03 6.035345375181302811e-03
5.270000000000000000e+03 6.007021165584300153e-03
5.280000000000000000e+03 5.985216125395448165e-03
5.290000000000000000e+03 5.970322493601391660e-03
5.300000000000000000e+03 5.961441454373415244e-03
5.310000000000000000e+03 5.956566382645255703e-03
5.320000000000000000e+03 5.953052503847074649e-03
5.330000000000000000e+03 5.948248160387038450e-03
5.340000000000000000e+03 5.940104348646987019e-03
5.350000000000000000e+03 5.927596987487153933e-03
5.360000000000000000e+03 5.910861686024830586e-03
5.370000000000000000e+03 5.891025031883594977e-03
5.380000000000000000e+03 5.869809801608886178e-03
5.390000000000000000e+03 5.849059221694116392e-03
5.400000000000000000e+03 5.830321520725222778e-03
5.410000000000000000e+03 5.814600833144515681e-03
5.420000000000000000e+03 5.802304854936443136e-03
5.430000000000000000e+03 5.793350747379340769e-03
5.440000000000000000e+03 5.787350904920780803e-03
5.450000000000000000e+03 5.783780097172675806e-03
5.460000000000000000e+03 5.782064831487229717e-03
5.470000000000000000e+03 5.781587918160964283e-03
5.480000000000000000e+03 5.781650325000821551e-03
5.490000000000000000e+03 5.781454847815914802e-03
5.500000000000000000e+03 5.780168676229329068e-03
5.510000000000000000e+03 5.777074782471343893e-03
5.520000000000000000e+03 5.771769083501283523e-03
5.530000000000000000e+03 5.764323506705680035e-03
5.540000000000000000e+03 5.755338991614895698e-03
5.550000000000000000e+03 5.745842372628262584e-03
5.560000000000000000e+03 5.737034250196031658e-03
5.570000000000000000e+03 5.729956068398311779e-03
5.580000000000000000e+03 5.725181504405875768e-03
5.590000000000000000e+03 5.722634281154504940e-03
5.600000000000000000e+03 5.721590462905640391e-03
5.610000000000000000e+03 5.720871941089929712e-03
5.620000000000000000e+03 5.719168118680474470e-03
5.630000000000000000e+03 5.715376191005128691e-03
5.640000000000000000e+03 5.708851137578366264e-03
5.650000000000000000e+03 5.699492598620038535e-03
5.660000000000000000e+03 5.687649870009419892e-03
5.670000000000000000e+03 5.673891580697591926e-03
5.680000000000000000e+03 5.658719062881325569e-03
5.690000000000000000e+03 5.642333884969009776e-03
5.700000000000000000e+03 5.624544777848993100e-03
5.710000000000000000e+03 5.604837876408463697e-03
5.720000000000000000e+03 5.582577207460941680e-03
5.730000000000000000e+03 5.557252940227679072e-03
5.740000000000000000e+03 5.528673182570547663e-03
5.750000000000000000e+03 5.497032747702980046e-03
5.760000000000000000e+03 5.462844639613349818e-03
5.770000000000000000e+03 5.426770296688556566e-03
5.780000000000000000e+03 5.389412669921663825e-03
5.790000000000000000e+03 5.351164726376470525e-03
5.800000000000000000e+03 5.312170365906757757e-03
5.810000000000000000e+03 5.272388082653135452e-03
5.820000000000000000e+03 5.231719094314944002e-03
5.830000000000000000e+03 5.190142209842493227e-03
5.840000000000000000e+03 5.147786884023310833e-03
5.850000000000000000e+03 5.104925816250428967e-03
5.860000000000000000e+03 5.061905170737887594e-03
5.870000000000000000e+03 5.019051112199966400e-03
5.880000000000000000e+03 4.976598061284773743e-03
5.890000000000000000e+03 4.934672147966392801e-03
5.900000000000000000e+03 4.893339230782866797e-03
5.910000000000000000e+03 4.852671948099813309e-03
5.920000000000000000e+03 4.812792467949700455e-03
5.930000000000000000e+03 4.773866475551416695e-03
5.940000000000000000e+03 4.736044537943295829e-03
5.950000000000000000e+03 4.699385740677658463e-03
5.960000000000000000e+03 4.663800167877631131e-03
5.970000000000000000e+03 4.629052748503004189e-03
5.980000000000000000e+03 4.594850773012498779e-03
5.990000000000000000e+03 4.560982298513732713e-03
6.000000000000000000e+03 4.527451461379317608e-03
6.010000000000000000e+03 4.494554117637025552e-03
6.020000000000000000e+03 4.462854638708943847e-03
6.030000000000000000e+03 4.433054555209230661e-03
6.040000000000000000e+03 4.405784244899775201e-03
6.050000000000000000e+03 4.381398340926117088e-03
6.060000000000000000e+03 4.359851102464651004e-03
6.070000000000000000e+03 4.340691581467804282e-03
6.080000000000000000e+03 4.323181735847173718e-03
6.090000000000000000e+03 4.306491904439287317e-03
6.100000000000000000e+03 4.289920212563488530e-03
6.110000000000000000e+03 4.273062192957511295e-03
6.120000000000000000e+03 4.255875752349083316e-03
6.130000000000000000e+03 4.238640162812524863e-03
6.140000000000000000e+03 4.221833155740626481e-03
6.150000000000000000e+03 4.205965040707343623e-03
6.160000000000000000e+03 4.191437299965195158e-03
6.170000000000000000e+03 4.178472579364930078e-03
6.180000000000000000e+03 4.167124731972425729e-03
6.190000000000000000e+03 4.157342205810338025e-03
6.200000000000000000e+03 4.149047796168463947e-03
6.210000000000000000e+03 4.142192253247451057e-03
6.220000000000000000e+03 4.136754589655512217e-03
6.230000000000000000e+03 4.132700875179856972e-03
6.240000000000000000e+03 4.129933703777251448e-03
6.250000000000000000e+03 4.128272337011598854e-03
6.260000000000000000e+03 4.127476301203141136e-03
6.270000000000000000e+03 4.127321695497070293e-03
6.280000000000000000e+03 4.127695371059929980e-03
6.290000000000000000e+03 4.128661746895322983e-03
6.300000000000000000e+03 4.130476440367097067e-03
6.310000000000000000e+03 4.133511215116035531e-03
6.320000000000000000e+03 4.138109882905122335e-03
6.330000000000000000e+03 4.144425221004274101e-03
6.340000000000000000e+03 4.152290140678553329e-03
6.350000000000000000e+03 4.161184891585721114e-03
6.360000000000000000e+03 4.170335790638084357e-03
6.370000000000000000e+03 4.178920860310798326e-03
6.380000000000000000e+03 4.186315914635259372e-03
6.390000000000000000e+03 4.192292064370060738e-03
6.400000000000000000e+03 4.197084820973134324e-03
6.410000000000000000e+03 4.201294410636236334e-03
6.420000000000000000e+03 4.205643163713751985e-03
6.430000000000000000e+03 4.210680886630055464e-03
6.440000000000000000e+03 4.216576038686154632e-03
6.450000000000000000e+03 4.223061991086659098e-03
6.460000000000000000e+03 4.229545895603943791e-03
6.470000000000000000e+03 4.235336542369958976e-03
6.480000000000000000e+03 4.239874933305618800e-03
6.490000000000000000e+03 4.242885139153041579e-03
6.500000000000000000e+03 4.244402753291398427e-03
6.510000000000000000e+03 4.244678029231802735e-03
6.520000000000000000e+03 4.244009245167227641e-03
6.530000000000000000e+03 4.242571585095391944e-03
6.540000000000000000e+03 4.240297085139832327e-03
6.550000000000000000e+03 4.236851896873563943e-03
6.560000000000000000e+03 4.231715555336085753e-03
6.570000000000000000e+03 4.224334307711128875e-03
6.580000000000000000e+03 4.214308795206395467e-03
6.590000000000000000e+03 4.201554811255615342e-03
6.600000000000000000e+03 4.186381288910658721e-03
6.610000000000000000e+03 4.169472112991286922e-03
6.620000000000000000e+03 4.151768103843905822e-03
6.630000000000000000e+03 4.134268343705335864e-03
6.640000000000000000e+03 4.117811869246506239e-03
6.650000000000000000e+03 4.102891547777307024e-03
6.660000000000000000e+03 4.089569351317062611e-03
6.670000000000000000e+03 4.077510898496191846e-03
6.680000000000000000e+03 4.066098976478469892e-03
6.690000000000000000e+03 4.054596200974156309e-03
6.700000000000000000e+03 4.042297586216912070e-03
6.710000000000000000e+03 4.028641628186583820e-03
6.720000000000000000e+03 4.013278799589451405e-03
6.730000000000000000e+03 3.996110764799961843e-03
6.740000000000000000e+03 3.977311968773896908e-03
6.750000000000000000e+03 3.957338761912046823e-03
6.760000000000000000e+03 3.936915882579252769e-03
6.770000000000000000e+03 3.916977144363992420e-03
6.780000000000000000e+03 3.898545634729161380e-03
6.790000000000000000e+03 3.882562753052017871e-03
6.800000000000000000e+03 3.869690265767417904e-03
6.810000000000000000e+03 3.860141398878759976e-03
6.820000000000000000e+03 3.853589782445580696e-03
6.830000000000000000e+03 3.849194306848561977e-03
6.840000000000000000e+03 3.845758467294988631e-03
6.850000000000000000e+03 3.841985732857381135e-03
6.860000000000000000e+03 3.836766900920361451e-03
6.870000000000000000e+03 3.829428131236826266e-03
6.880000000000000000e+03 3.819884745378057840e-03
6.890000000000000000e+03 3.808670219820414586e-03
6.900000000000000000e+03 3.796830260208018930e-03
6.910000000000000000e+03 3.785716774604857855e-03
6.920000000000000000e+03 3.776720384334987784e-03
6.930000000000000000e+03 3.770975079385367832e-03
6.940000000000000000e+03 3.769084032789327479e-03
6.950000000000000000e+03 3.770921864658700103e-03
6.960000000000000000e+03 3.775575427300695026e-03
6.970000000000000000e+03 3.781473201476638797e-03
6.980000000000000000e+03 3.786729084821006952e-03
6.990000000000000000e+03 3.789631198395230702e-03
7.000000000000000000e+03 3.789160813201719689e-03
7.010000000000000000e+03 3.785397195318733650e-03
7.020000000000000000e+03 3.779620870807630893e-03
7.030000000000000000e+03 3.774020413647643808e-03
7.040000000000000000e+03 3.771068746247007580e-03
7.050000000000000000e+03 3.772755931755277566e-03
7.060000000000000000e+03 3.779928720506601537e-03
7.070000000000000000e+03 3.791971616987938921e-03
7.080000000000000000e+03 3.806977297109120310e-03
7.090000000000000000e+03 3.822339359008901719e-03
7.100000000000000000e+03 3.835591279864606490e-03
7.110000000000000000e+03 3.845198674160549192e-03
7.120000000000000000e+03 3.851017520986095826e-03
7.130000000000000000e+03 3.854272615861165617e-03
7.140000000000000000e+03 3.857072894415733335e-03
7.150000000000000000e+03 3.861646285910837369e-03
7.160000000000000000e+03 3.869584568580137964e-03
7.170000000000000000e+03 3.881363860212863268e-03
7.180000000000000000e+03 3.896296555032586345e-03
7.190000000000000000e+03 3.912893440180807356e-03
7.200000000000000000e+03 3.929460052738406595e-03
7.210000000000000000e+03 3.944699961367027080e-03
7.220000000000000000e+03 3.958086610977398431e-03
7.230000000000000000e+03 3.969887605709324779e-03
7.240000000000000000e+03 3.980876510385087871e-03
7.250000000000000000e+03 3.991878281889659104e-03
7.260000000000000000e+03 4.003377299058052431e-03
7.270000000000000000e+03 4.015337542689529499e-03
7.280000000000000000e+03 4.027277862213437913e-03
7.290000000000000000e+03 4.038571483970515921e-03
7.300000000000000000e+03 4.048800996494336668e-03
7.310000000000000000e+03 4.058005159867301634e-03
7.320000000000000000e+03 4.066694689802650801e-03
7.330000000000000000e+03 4.075632684873310881e-03
7.340000000000000000e+03 4.085475788115281240e-03
7.350000000000000000e+03 4.096431265249056430e-03
7.360000000000000000e+03 4.108077887942736608e-03
7.370000000000000000e+03 4.119449903907681197e-03
7.380000000000000000e+03 4.129344941947472349e-03
7.390000000000000000e+03 4.136722214063155885e-03
7.400000000000000000e+03 4.141069083627075577e-03
7.410000000000000000e+03 4.142569156210708890e-03
7.420000000000000000e+03 4.142022332672283362e-03
7.430000000000000000e+03 4.140561057943741019e-03
7.440000000000000000e+03 4.139258531536254074e-03
7.450000000000000000e+03 4.138795293485122290e-03
7.460000000000000000e+03 4.139297904567180823e-03
7.470000000000000000e+03 4.140369814876986715e-03
7.480000000000000000e+03 4.141308509207389590e-03
7.490000000000000000e+03 4.141404249437680152e-03
7.500000000000000000e+03 4.140178542923956227e-03
7.510000000000000000e+03 4.137466307215868430e-03
7.520000000000000000e+03 4.133348160916751508e-03
7.530000000000000000e+03 4.127986163950109720e-03
7.540000000000000000e+03 4.121443469838704209e-03
7.550000000000000000e+03 4.113588287819163088e-03
7.560000000000000000e+03 4.104124665481092768e-03
7.570000000000000000e+03 4.092723821894917076e-03
7.580000000000000000e+03 4.079211922978039605e-03
7.590000000000000000e+03 4.063743235580521973e-03
7.600000000000000000e+03 4.046873133719082992e-03
7.610000000000000000e+03 4.029475108666708688e-03
7.620000000000000000e+03 4.012516115195593341e-03
7.630000000000000000e+03 3.996744950600664148e-03
7.640000000000000000e+03 3.982409262253825549e-03
7.650000000000000000e+03 3.969133556134679663e-03
7.660000000000000000e+03 3.956023383602755815e-03
7.670000000000000000e+03 3.941979201527220228e-03
7.680000000000000000e+03 3.926097818359276098e-03
7.690000000000000000e+03 3.908010113915215758e-03
7.700000000000000000e+03 3.888016468622767976e-03
7.710000000000000000e+03 3.866953979248959495e-03
7.720000000000000000e+03 3.845846280052356292e-03
7.730000000000000000e+03 3.825503844489432873e-03
7.740000000000000000e+03 3.806243110765299229e-03
7.750000000000000000e+03 3.787846670286597155e-03
7.760000000000000000e+03 3.769781775523081344e-03
7.770000000000000000e+03 3.751564261496199894e-03
7.780000000000000000e+03 3.733104298315965790e-03
7.790000000000000000e+03 3.714837879289781524e-03
7.800000000000000000e+03 3.697566149339916522e-03
7.810000000000000000e+03 3.682086455706215598e-03
7.820000000000000000e+03 3.668804517539708040e-03
7.830000000000000000e+03 3.657497658351161352e-03
7.840000000000000000e+03 3.647359622671251991e-03
7.850000000000000000e+03 3.637293907488574514e-03
7.860000000000000000e+03 3.626326738722205831e-03
7.870000000000000000e+03 3.613956360758986686e-03
7.880000000000000000e+03 3.600276210783696397e-03
7.890000000000000000e+03 3.585881676135736339e-03
7.900000000000000000e+03 3.571637721774210180e-03
7.910000000000000000e+03 3.558406723153097369e-03
7.920000000000000000e+03 3.546863281723018103e-03
7.930000000000000000e+03 3.537432780580579850e-03
7.940000000000000000e+03 3.530304033001429882e-03
7.950000000000000000e+03 3.525485381283771126e-03
7.960000000000000000e+03 3.522802899269364494e-03
7.970000000000000000e+03 3.521841462634134508e-03
7.980000000000000000e+03 3.521902178011340409e-03
7.990000000000000000e+03 3.522042081872491827e-03
8.000000000000000000e+03 3.521247804513891189e-03
8.010000000000000000e+03 3.518712442696160774e-03
8.020000000000000000e+03 3.514125987421580586e-03
8.030000000000000000e+03 3.507848541637896035e-03
8.040000000000000000e+03 3.500877853304462575e-03
8.050000000000000000e+03 3.494578556681558409e-03
8.060000000000000000e+03 3.490263301963279427e-03
8.070000000000000000e+03 3.488754410805401142e-03
8.080000000000000000e+03 3.490134886735175943e-03
8.090000000000000000e+03 3.493757012074568888e-03
8.100000000000000000e+03 3.498513030026971331e-03
8.110000000000000000e+03 3.503266546611665325e-03
8.120000000000000000e+03 3.507226219011172486e-03
8.130000000000000000e+03 3.510153974012446450e-03
8.140000000000000000e+03 3.512348671497318459e-03
8.150000000000000000e+03 3.514414337344238474e-03
8.160000000000000000e+03 3.516941814936218758e-03
8.170000000000000000e+03 3.520268420335291321e-03
8.180000000000000000e+03 3.524393241141074787e-03
8.190000000000000000e+03 3.529071603492275628e-03
8.200000000000000000e+03 3.534015331222491001e-03
8.210000000000000000e+03 3.539110651466117422e-03
8.220000000000000000e+03 3.544506487182770473e-03
8.230000000000000000e+03 3.550546557885255264e-03
8.240000000000000000e+03 3.557561674534424727e-03
8.250000000000000000e+03 3.565674097309587051e-03
8.260000000000000000e+03 3.574690775752231275e-03
8.270000000000000000e+03 3.584156975621791488e-03
8.280000000000000000e+03 3.593527406334414039e-03
8.290000000000000000e+03 3.602371095983773058e-03
8.300000000000000000e+03 3.610540060935661221e-03
8.310000000000000000e+03 3.618220570434993195e-03
8.320000000000000000e+03 3.625801993526682476e-03
8.330000000000000000e+03 3.633669998860598362e-03
8.340000000000000000e+03 3.641993115046000991e-03
8.350000000000000000e+03 3.650621631330998058e-03
8.360000000000000000e+03 3.659134691393843303e-03
8.370000000000000000e+03 3.667039221932379134e-03
8.380000000000000000e+03 3.674017274670462498e-03
8.390000000000000000e+03 3.680115817187636432e-03
8.400000000000000000e+03 3.685796396648907160e-03
8.410000000000000000e+03 3.691819137673215973e-03
8.420000000000000000e+03 3.698983841686501184e-03
8.430000000000000000e+03 3.707832529855170037e-03
8.440000000000000000e+03 3.718384045958099664e-03
8.450000000000000000e+03 3.730041796316285827e-03
8.460000000000000000e+03 3.741728262782856827e-03
8.470000000000000000e+03 3.752193476984595939e-03
8.480000000000000000e+03 3.760420144141825641e-03
8.490000000000000000e+03 3.765973142301409955e-03
8.500000000000000000e+03 3.769186936961316584e-03
8.510000000000000000e+03 3.771115959673171456e-03
8.520000000000000000e+03 3.773251417641541611e-03
8.530000000000000000e+03 3.777088299348160035e-03
8.540000000000000000e+03 3.783678166643461571e-03
8.550000000000000000e+03 3.793287864906192894e-03
8.560000000000000000e+03 3.805294762358927153e-03
8.570000000000000000e+03 3.818369121613202858e-03
8.580000000000000000e+03 3.830901342041177337e-03
8.590000000000000000e+03 3.841544121634687687e-03
8.600000000000000000e+03 3.849658798944739085e-03
8.610000000000000000e+03 3.855525690457856525e-03
8.620000000000000000e+03 3.860220136062256658e-03
8.630000000000000000e+03 3.865219423441120742e-03
8.640000000000000000e+03 3.871883578455101536e-03
8.650000000000000000e+03 3.880984067912198951e-03
8.660000000000000000e+03 3.892462121823106035e-03
8.670000000000000000e+03 3.905486378633678344e-03
8.680000000000000000e+03 3.918789358445380795e-03
8.690000000000000000e+03 3.931118782715016871e-03
8.700000000000000000e+03 3.941648770209619894e-03
8.710000000000000000e+03 3.950221407373863229e-03
8.720000000000000000e+03 3.957314289135293803e-03
8.730000000000000000e+03 3.963773113111290596e-03
8.740000000000000000e+03 3.970441580343638498e-03
8.750000000000000000e+03 3.977818503531895152e-03
8.760000000000000000e+03 3.985881704025167303e-03
8.770000000000000000e+03 3.994159450727342332e-03
8.780000000000000000e+03 4.001979697828802682e-03
8.790000000000000000e+03 4.008780891551516623e-03
8.800000000000000000e+03 4.014342680559991779e-03
8.810000000000000000e+03 4.018846442882215673e-03
8.820000000000000000e+03 4.022757415276896273e-03
8.830000000000000000e+03 4.026550312466773210e-03
8.840000000000000000e+03 4.030430857690669132e-03
8.850000000000000000e+03 4.034155284965036149e-03
8.860000000000000000e+03 4.037036715109035279e-03
8.870000000000000000e+03 4.038160521702767632e-03
8.880000000000000000e+03 4.036752025406624943e-03
8.890000000000000000e+03 4.032534946548313633e-03
8.900000000000000000e+03 4.025927062875732723e-03
8.910000000000000000e+03 4.017998983486007099e-03
8.920000000000000000e+03 4.010165759730109115e-03
8.930000000000000000e+03 4.003737084832265612e-03
8.940000000000000000e+03 3.999497393435779910e-03
8.950000000000000000e+03 3.997479402217100734e-03
8.960000000000000000e+03 3.997004884231629938e-03
8.970000000000000000e+03 3.996994421481407309e-03
8.980000000000000000e+03 3.996383498836543306e-03
8.990000000000000000e+03 3.994490126192899726e-03
9.000000000000000000e+03 3.991214515650474449e-03
9.010000000000000000e+03 3.986969846540641335e-03
9.020000000000000000e+03 3.982411907263614000e-03
9.030000000000000000e+03 3.978081427779439107e-03
9.040000000000000000e+03 3.974097364983344982e-03
9.050000000000000000e+03 3.970051560999435757e-03
9.060000000000000000e+03 3.965168581499855897e-03
9.070000000000000000e+03 3.958656305513282708e-03
9.080000000000000000e+03 3.950105549400954180e-03
9.090000000000000000e+03 3.939760091424496929e-03
9.100000000000000000e+03 3.928565833227187082e-03
9.110000000000000000e+03 3.917957485665345303e-03
9.120000000000000000e+03 3.909445414796634648e-03
9.130000000000000000e+03 3.904159016609184008e-03
9.140000000000000000e+03 3.902501919785716835e-03
9.150000000000000000e+03 3.904021965876417182e-03
9.160000000000000000e+03 3.907546128281506534e-03
9.170000000000000000e+03 3.911543807418491406e-03
9.180000000000000000e+03 3.914585732414246379e-03
9.190000000000000000e+03 3.915741208816382948e-03
9.200000000000000000e+03 3.914775468876432150e-03
9.210000000000000000e+03 3.912091951382631883e-03
9.220000000000000000e+03 3.908483883919898136e-03
9.230000000000000000e+03 3.904793714640457207e-03
9.240000000000000000e+03 3.901656962813436925e-03
9.250000000000000000e+03 3.899406429177045691e-03
9.260000000000000000e+03 3.898105856138284198e-03
9.270000000000000000e+03 3.897682897995607531e-03
9.280000000000000000e+03 3.898102281547535797e-03
9.290000000000000000e+03 3.899466046825194199e-03
9.300000000000000000e+03 3.902017929321992869e-03
9.310000000000000000e+03 3.906019232859573361e-03
9.320000000000000000e+03 3.911569841373318396e-03
9.330000000000000000e+03 3.918476647861887999e-03
9.340000000000000000e+03 3.926229263039088604e-03
9.350000000000000000e+03 3.934100806811993353e-03
9.360000000000000000e+03 3.941369712813497586e-03
9.370000000000000000e+03 3.947586966654105176e-03
9.380000000000000000e+03 3.952742231830497915e-03
9.390000000000000000e+03 3.957302628017941686e-03
9.400000000000000000e+03 3.962054990434902071e-03
9.410000000000000000e+03 3.967861777082171658e-03
9.420000000000000000e+03 3.975369244314655610e-03
9.430000000000000000e+03 3.984774353357494261e-03
9.440000000000000000e+03 3.995728131372465464e-03
9.450000000000000000e+03 4.007418080771947728e-03
9.460000000000000000e+03 4.018816189659602835e-03
9.470000000000000000e+03 4.028989616857208723e-03
9.480000000000000000e+03 4.037392365541709639e-03
9.490000000000000000e+03 4.044036454546818572e-03
9.500000000000000000e+03 4.049483593765975178e-03
9.510000000000000000e+03 4.054641891599970391e-03
9.520000000000000000e+03 4.060473317814430362e-03
9.530000000000000000e+03 4.067700683205635777e-03
9.540000000000000000e+03 4.076605747122906583e-03
9.550000000000000000e+03 4.086973054368960544e-03
9.560000000000000000e+03 4.098163995245077476e-03
9.570000000000000000e+03 4.109288042990334386e-03
9.580000000000000000e+03 4.119422292897537141e-03
9.590000000000000000e+03 4.127802023512994363e-03
9.600000000000000000e+03 4.133965136324815014e-03
9.610000000000000000e+03 4.137822529393629829e-03
9.620000000000000000e+03 4.139647059357869953e-03
9.630000000000000000e+03 4.139995538635075391e-03
9.640000000000000000e+03 4.139580456618613055e-03
9.650000000000000000e+03 4.139131314749393102e-03
9.660000000000000000e+03 4.139305408128284014e-03
9.670000000000000000e+03 4.140625449960354774e-03
9.680000000000000000e+03 4.143445318747863981e-03
9.690000000000000000e+03 4.147945650626395746e-03
9.700000000000000000e+03 4.154092269306757304e-03
9.710000000000000000e+03 4.161562860934933314e-03
9.720000000000000000e+03 4.169708640962978274e-03
9.730000000000000000e+03 4.177564703802511860e-03
9.740000000000000000e+03 4.183948261750837852e-03
9.750000000000000000e+03 4.187674046320657983e-03
9.760000000000000000e+03 4.187841931465530014e-03
9.770000000000000000e+03 4.184142876863849829e-03
9.780000000000000000e+03 4.177029920172764012e-03
9.790000000000000000e+03 4.167708837121704424e-03
9.800000000000000000e+03 4.157907406732808640e-03
9.810000000000000000e+03 4.149435989131050433e-03
9.820000000000000000e+03 4.143690659697831305e-03
9.830000000000000000e+03 4.141276235984410990e-03
9.840000000000000000e+03 4.141863682650325992e-03
9.850000000000000000e+03 4.144321836342010693e-03
9.860000000000000000e+03 4.147087274214672492e-03
9.870000000000000000e+03 4.148616535433019038e-03
9.880000000000000000e+03 4.147791525788238100e-03
9.890000000000000000e+03 4.144113397167487750e-03
9.900000000000000000e+03 4.137656082405252733e-03
9.910000000000000000e+03 4.128846729670273240e-03
9.920000000000000000e+03 4.118193813323065174e-03
9.930000000000000000e+03 4.106083543004852843e-03
9.940000000000000000e+03 4.092736769057533398e-03
9.950000000000000000e+03 4.078298977436425367e-03
9.960000000000000000e+03 4.062992651976017958e-03
9.970000000000000000e+03 4.047241724526984448e-03
9.980000000000000000e+03 4.031700922211093122e-03
9.990000000000000000e+03 4.017120052041851623e-03
1.000000000000000000e+04 4.004117797590720645e-03
