Time	Population
0.000000000000000000e+00 6.901937070998134249e-01
1.000000000000000000e+01 6.893140898603490330e-01
2.000000000000000000e+01 6.866923531641995204e-01
3.000000000000000000e+01 6.823829127576414022e-01
4.000000000000000000e+01 6.764708963344963077e-01
5.000000000000000000e+01 6.690671820545546211e-01
6.000000000000000000e+01 6.603026415559425377e-01
7.000000000000000000e+01 6.503219461379512456e-01
8.000000000000000000e+01 6.392773208551664199e-01
9.000000000000000000e+01 6.273227430244167069e-01
1.000000000000000000e+02 6.146090004552907660e-01
1.100000000000000000e+02 6.012799042286348650e-01
1.200000000000000000e+02 5.874698156802051763e-01
1.300000000000000000e+02 5.733024959672556875e-01
1.400000000000000000e+02 5.588911753104160995e-01
1.500000000000000000e+02 5.443396343135703530e-01
1.600000000000000000e+02 5.297440066123348945e-01
1.700000000000000000e+02 5.151949981310784965e-01
1.800000000000000000e+02 5.007801840531250770e-01
1.900000000000000000e+02 4.865860865739823904e-01
2.000000000000000000e+02 4.726997794473031256e-01
2.100000000000000000e+02 4.592097958975296934e-01
2.200000000000000000e+02 4.462062194631833401e-01
2.300000000000000000e+02 4.337798873293650659e-01
2.400000000000000000e+02 4.220207141214058488e-01
2.500000000000000000e+02 4.110152165905939792e-01
2.600000000000000000e+02 4.008433855722625672e-01
2.700000000000000000e+02 3.915751205059815887e-01
2.800000000000000000e+02 3.832664677499349470e-01
2.900000000000000000e+02 3.759559651998994889e-01
3.000000000000000000e+02 3.696613805335707825e-01
3.100000000000000000e+02 3.643771493320407950e-01
3.200000000000000000e+02 3.600727502731074781e-01
3.300000000000000000e+02 3.566922303978904973e-01
3.400000000000000000e+02 3.541550036323774520e-01
3.500000000000000000e+02 3.523579464640436143e-01
3.600000000000000000e+02 3.511787201621224264e-01
3.700000000000000000e+02 3.504801557242528398e-01
3.800000000000000000e+02 3.501154280167098620e-01
3.900000000000000000e+02 3.499337077371715843e-01
4.000000000000000000e+02 3.497858933078956123e-01
4.100000000000000000e+02 3.495300916679626169e-01
4.200000000000000000e+02 3.490364854645309212e-01
4.300000000000000000e+02 3.481913406559059010e-01
4.400000000000000000e+02 3.468999198419206453e-01
4.500000000000000000e+02 3.450881880388370071e-01
4.600000000000000000e+02 3.427033447094305907e-01
4.700000000000000000e+02 3.397132474509422240e-01
4.800000000000000000e+02 3.361049036780506816e-01
4.900000000000000000e+02 3.318822573245826524e-01
5.000000000000000000e+02 3.270635069993562682e-01
5.100000000000000000e+02 3.216782110480829737e-01
5.200000000000000000e+02 3.157644382750954271e-01
5.300000000000000000e+02 3.093661395085841037e-01
5.400000000000000000e+02 3.025309315169131263e-01
5.500000000000000000e+02 2.953083343595300225e-01
5.600000000000000000e+02 2.877485509089860449e-01
5.700000000000000000e+02 2.799017323379174305e-01
5.800000000000000000e+02 2.718176868687635639e-01
5.900000000000000000e+02 2.635459609899887257e-01
6.000000000000000000e+02 2.551361388099332439e-01
6.100000000000000000e+02 2.466382250389918263e-01
6.200000000000000000e+02 2.381029975437052026e-01
6.300000000000000000e+02 2.295822468141230088e-01
6.400000000000000000e+02 2.211287703634166879e-01
6.500000000000000000e+02 2.127960769466675506e-01
6.600000000000000000e+02 2.046377652751927290e-01
6.700000000000000000e+02 1.967065972853977995e-01
6.800000000000000000e+02 1.890533080570037106e-01
6.900000000000000000e+02 1.817252332451017582e-01
7.000000000000000000e+02 1.747648478776016867e-01
7.100000000000000000e+02 1.682083299099861318e-01
7.200000000000000000e+02 1.620842733985949080e-01
7.300000000000000000e+02 1.564126627555479099e-01
7.400000000000000000e+02 1.512042148992088775e-01
7.500000000000000000e+02 1.464601407218640017e-01
7.600000000000000000e+02 1.421723670302081632e-01
7.700000000000000000e+02 1.383242028282430369e-01
7.800000000000000000e+02 1.348914374300602403e-01
7.900000000000000000e+02 1.318437629241903108e-01
8.000000000000000000e+02 1.291464610567999161e-01
8.100000000000000000e+02 1.267622237446692501e-01
8.200000000000000000e+02 1.246529599009663786e-01
8.300000000000000000e+02 1.227814885644823717e-01
8.400000000000000000e+02 1.211130332371558732e-01
8.500000000000000000e+02 1.196164357979640908e-01
8.600000000000000000e+02 1.182650371557515401e-01
8.700000000000000000e+02 1.170371843283749269e-01
8.800000000000000000e+02 1.159163734884450930e-01
8.900000000000000000e+02 1.148910812763843103e-01
9.000000000000000000e+02 1.139543235830178664e-01
9.100000000000000000e+02 1.131029935462508906e-01
9.200000000000000000e+02 1.123370455659055550e-01
9.300000000000000000e+02 1.116586161467840871e-01
9.400000000000000000e+02 1.110711313890305335e-01
9.500000000000000000e+02 1.105784488920629888e-01
9.600000000000000000e+02 1.101841026344411167e-01
9.700000000000000000e+02 1.098906748000244848e-01
9.800000000000000000e+02 1.096993046643185421e-01
9.900000000000000000e+02 1.096093405985635316e-01
1.000000000000000000e+03 1.096181311228003469e-01
1.010000000000000000e+03 1.097209444655071475e-01
1.020000000000000000e+03 1.099109965431500358e-01
1.030000000000000000e+03 1.101795740322469019e-01
1.040000000000000000e+03 1.105162291514858730e-01
1.050000000000000000e+03 1.109090160077647463e-01
1.060000000000000000e+03 1.113447506646595697e-01
1.070000000000000000e+03 1.118092930356590214e-01
1.080000000000000000e+03 1.122878365458888084e-01
1.090000000000000000e+03 1.127651862559407997e-01
1.100000000000000000e+03 1.132260267808224835e-01
1.110000000000000000e+03 1.136551936910226157e-01
1.120000000000000000e+03 1.140379392791191215e-01
1.130000000000000000e+03 1.143601785631160328e-01
1.140000000000000000e+03 1.146087238071468589e-01
1.150000000000000000e+03 1.147715036731633276e-01
1.160000000000000000e+03 1.148377528710753798e-01
1.170000000000000000e+03 1.147981775058889292e-01
1.180000000000000000e+03 1.146450958076274118e-01
1.190000000000000000e+03 1.143725330438108145e-01
1.200000000000000000e+03 1.139762596804855116e-01
1.210000000000000000e+03 1.134537869182859066e-01
1.220000000000000000e+03 1.128043200886240799e-01
1.230000000000000000e+03 1.120286658936779922e-01
1.240000000000000000e+03 1.111290972518176323e-01
1.250000000000000000e+03 1.101091890949998930e-01
1.260000000000000000e+03 1.089736427255082046e-01
1.270000000000000000e+03 1.077281049600865570e-01
1.280000000000000000e+03 1.063789758335341451e-01
1.290000000000000000e+03 1.049332249229851105e-01
1.300000000000000000e+03 1.033982193248713793e-01
1.310000000000000000e+03 1.017815546140144189e-01
1.320000000000000000e+03 1.000909038244749416e-01
1.330000000000000000e+03 9.833389675523103446e-02
1.340000000000000000e+03 9.651803011959271539e-02
1.350000000000000000e+03 9.465061291288780210e-02
1.360000000000000000e+03 9.273874003974907909e-02
1.370000000000000000e+03 9.078928692757488872e-02
1.380000000000000000e+03 8.880892714943033894e-02
1.390000000000000000e+03 8.680417859705710781e-02
1.400000000000000000e+03 8.478146782722165153e-02
1.410000000000000000e+03 8.274719110103002928e-02
1.420000000000000000e+03 8.070776401113297083e-02
1.430000000000000000e+03 7.866966155121829507e-02
1.440000000000000000e+03 7.663944287744951789e-02
1.450000000000000000e+03 7.462374442415664610e-02
1.460000000000000000e+03 7.262923775046588315e-02
1.470000000000000000e+03 7.066256944557525177e-02
1.480000000000000000e+03 6.873028855957417915e-02
1.490000000000000000e+03 6.683875556433981069e-02
1.500000000000000000e+03 6.499404218022677981e-02
1.510000000000000000e+03 6.320183473149894315e-02
1.520000000000000000e+03 6.146734346335751276e-02
1.530000000000000000e+03 5.979522190979004448e-02
1.540000000000000000e+03 5.818949618349650993e-02
1.550000000000000000e+03 5.665350767862419035e-02
1.560000000000000000e+03 5.518987902701033565e-02
1.570000000000000000e+03 5.380049677137141440e-02
1.580000000000000000e+03 5.248650004176922540e-02
1.590000000000000000e+03 5.124829062297177329e-02
1.600000000000000000e+03 5.008559612905053721e-02
1.610000000000000000e+03 4.899758208829701339e-02
1.620000000000000000e+03 4.798299000459133740e-02
1.630000000000000000e+03 4.704029560980971247e-02
1.640000000000000000e+03 4.616788481060492971e-02
1.650000000000000000e+03 4.536422533077915514e-02
1.660000000000000000e+03 4.462801067476127731e-02
1.670000000000000000e+03 4.395827186288680383e-02
1.680000000000000000e+03 4.335445097033059636e-02
1.690000000000000000e+03 4.281641174928844246e-02
1.700000000000000000e+03 4.234437913610830662e-02
1.710000000000000000e+03 4.193883244194684251e-02
1.720000000000000000e+03 4.160037474370163052e-02
1.730000000000000000e+03 4.132959593588356184e-02
1.740000000000000000e+03 4.112694643147782325e-02
1.750000000000000000e+03 4.099263408259998936e-02
1.760000000000000000e+03 4.092655346510676306e-02
1.770000000000000000e+03 4.092826292697790413e-02
1.780000000000000000e+03 4.099700321924318325e-02
1.790000000000000000e+03 4.113173540256647581e-02
1.800000000000000000e+03 4.133120056909710127e-02
1.810000000000000000e+03 4.159398958118976780e-02
1.820000000000000000e+03 4.191858970555310121e-02
1.830000000000000000e+03 4.230344562679719256e-02
1.840000000000000000e+03 4.274703965076528250e-02
1.850000000000000000e+03 4.324789991627211311e-02
1.860000000000000000e+03 4.380460435711921313e-02
1.870000000000000000e+03 4.441579025720834156e-02
1.880000000000000000e+03 4.508014453121869658e-02
1.890000000000000000e+03 4.579637752931756123e-02
1.900000000000000000e+03 4.656319383973733794e-02
1.910000000000000000e+03 4.737926843188940140e-02
1.920000000000000000e+03 4.824322330175599693e-02
1.930000000000000000e+03 4.915359714609635056e-02
1.940000000000000000e+03 5.010880715431554472e-02
1.950000000000000000e+03 5.110710395760689750e-02
1.960000000000000000e+03 5.214652213941462638e-02
1.970000000000000000e+03 5.322482031016193688e-02
1.980000000000000000e+03 5.433941377460869276e-02
1.990000000000000000e+03 5.548730852192161611e-02
2.000000000000000000e+03 5.666503467978947772e-02
2.010000000000000000e+03 5.786858200865684088e-02
2.020000000000000000e+03 5.909334094008261706e-02
2.030000000000000000e+03 6.033405742601693350e-02
2.040000000000000000e+03 6.158480985830402238e-02
2.050000000000000000e+03 6.283901013310998207e-02
2.060000000000000000e+03 6.408943285850483840e-02
2.070000000000000000e+03 6.532827856144048095e-02
2.080000000000000000e+03 6.654727044971622818e-02
2.090000000000000000e+03 6.773777715730756876e-02
2.100000000000000000e+03 6.889095655939882212e-02
2.110000000000000000e+03 6.999791862595000635e-02
2.120000000000000000e+03 7.104990120065277082e-02
2.130000000000000000e+03 7.203844698769860944e-02
2.140000000000000000e+03 7.295557158310589374e-02
2.150000000000000000e+03 7.379391659812009618e-02
2.160000000000000000e+03 7.454688335486808759e-02
2.170000000000000000e+03 7.520874549031524026e-02
2.180000000000000000e+03 7.577474153134537704e-02
2.190000000000000000e+03 7.624114588165253892e-02
2.200000000000000000e+03 7.660531526176647676e-02
2.210000000000000000e+03 7.686571031420429134e-02
2.220000000000000000e+03 7.702189340886113345e-02
2.230000000000000000e+03 7.707450380559888181e-02
2.240000000000000000e+03 7.702521406118445491e-02
2.250000000000000000e+03 7.687666242029066177e-02
2.260000000000000000e+03 7.663236415374759247e-02
2.270000000000000000e+03 7.629661205156368364e-02
2.280000000000000000e+03 7.587436973971199705e-02
2.290000000000000000e+03 7.537116112237525478e-02
2.300000000000000000e+03 7.479296625512268926e-02
2.310000000000000000e+03 7.414612532369410647e-02
2.320000000000000000e+03 7.343726152843524368e-02
2.330000000000000000e+03 7.267321676684790344e-02
2.340000000000000000e+03 7.186098899141253604e-02
2.350000000000000000e+03 7.100767342476484167e-02
2.360000000000000000e+03 7.012040856622497875e-02
2.370000000000000000e+03 6.920631227445864231e-02
2.380000000000000000e+03 6.827240240887565148e-02
2.390000000000000000e+03 6.732550910404196121e-02
2.400000000000000000e+03 6.637218505200676022e-02
2.410000000000000000e+03 6.541861935254515703e-02
2.420000000000000000e+03 6.447055496833935251e-02
2.430000000000000000e+03 6.353321602280463665e-02
2.440000000000000000e+03 6.261125677576469262e-02
2.450000000000000000e+03 6.170873857195011136e-02
2.460000000000000000e+03 6.082913295284590044e-02
2.470000000000000000e+03 5.997535239984431998e-02
2.480000000000000000e+03 5.914980998321942018e-02
2.490000000000000000e+03 5.835450444615584986e-02
2.500000000000000000e+03 5.759112573040373745e-02
2.510000000000000000e+03 5.686117281915219895e-02
2.520000000000000000e+03 5.616607300792111207e-02
2.530000000000000000e+03 5.550729013296064329e-02
2.540000000000000000e+03 5.488640442488817300e-02
2.550000000000000000e+03 5.430515330261616314e-02
2.560000000000000000e+03 5.376542848095620247e-02
2.570000000000000000e+03 5.326922786849033753e-02
2.580000000000000000e+03 5.281856890112751612e-02
2.590000000000000000e+03 5.241537913353960798e-02
2.600000000000000000e+03 5.206138301516317207e-02
2.610000000000000000e+03 5.175800400826610637e-02
2.620000000000000000e+03 5.150629697248150507e-02
2.630000000000000000e+03 5.130691918101178139e-02
2.640000000000000000e+03 5.116014306215252438e-02
2.650000000000000000e+03 5.106590736420702631e-02
2.660000000000000000e+03 5.102389572956926578e-02
2.670000000000000000e+03 5.103362727488024858e-02
2.680000000000000000e+03 5.109454329906128883e-02
2.690000000000000000e+03 5.120607621537193871e-02
2.700000000000000000e+03 5.136769302585777325e-02
2.710000000000000000e+03 5.157891280525760819e-02
2.720000000000000000e+03 5.183930109983090478e-02
2.730000000000000000e+03 5.214844126205549907e-02
2.740000000000000000e+03 5.250588670751826087e-02
2.750000000000000000e+03 5.291110939226661980e-02
2.760000000000000000e+03 5.336345632325137367e-02
2.770000000000000000e+03 5.386211574711524674e-02
2.780000000000000000e+03 5.440609002311820597e-02
2.790000000000000000e+03 5.499417162649268553e-02
2.800000000000000000e+03 5.562491765327996079e-02
2.810000000000000000e+03 5.629661803875585235e-02
2.820000000000000000e+03 5.700725513213340118e-02
2.830000000000000000e+03 5.775445408356045390e-02
2.840000000000000000e+03 5.853542812139619217e-02
2.850000000000000000e+03 5.934692683548395409e-02
2.860000000000000000e+03 6.018519520650246479e-02
2.870000000000000000e+03 6.104595192806908099e-02
2.880000000000000000e+03 6.192439417729672657e-02
2.890000000000000000e+03 6.281523152646963093e-02
2.900000000000000000e+03 6.371274867275976417e-02
2.910000000000000000e+03 6.461089351291052219e-02
2.920000000000000000e+03 6.550338277899660222e-02
2.930000000000000000e+03 6.638381377857759114e-02
2.940000000000000000e+03 6.724576997393064137e-02
2.950000000000000000e+03 6.808291154610483786e-02
2.960000000000000000e+03 6.888904784319237196e-02
2.970000000000000000e+03 6.965819166723204170e-02
2.980000000000000000e+03 7.038459669051554124e-02
2.990000000000000000e+03 7.106278445188587978e-02
3.000000000000000000e+03 7.168757070332408554e-02
3.010000000000000000e+03 7.225409794332852964e-02
3.020000000000000000e+03 7.275787754000338781e-02
3.030000000000000000e+03 7.319484179290466908e-02
3.040000000000000000e+03 7.356140349106628229e-02
3.050000000000000000e+03 7.385451740018102174e-02
3.060000000000000000e+03 7.407173495194926960e-02
3.070000000000000000e+03 7.421124560523462144e-02
3.080000000000000000e+03 7.427190123786486797e-02
3.090000000000000000e+03 7.425322168814875445e-02
3.100000000000000000e+03 7.415538253819170533e-02
3.110000000000000000e+03 7.397918852836306292e-02
3.120000000000000000e+03 7.372603681091606520e-02
3.130000000000000000e+03 7.339787334534872421e-02
3.140000000000000000e+03 7.299714488633458898e-02
3.150000000000000000e+03 7.252675474409085721e-02
3.160000000000000000e+03 7.199002698048742599e-02
3.170000000000000000e+03 7.139067705240870199e-02
3.180000000000000000e+03 7.073278623878374860e-02
3.190000000000000000e+03 7.002078052970896194e-02
3.200000000000000000e+03 6.925940716904246952e-02
3.210000000000000000e+03 6.845370289041532996e-02
3.220000000000000000e+03 6.760895338379907527e-02
3.230000000000000000e+03 6.673064013330959332e-02
3.240000000000000000e+03 6.582437414752351224e-02
3.250000000000000000e+03 6.489582138463581562e-02
3.260000000000000000e+03 6.395061660264268755e-02
3.270000000000000000e+03 6.299428215563997180e-02
3.280000000000000000e+03 6.203216477857120131e-02
3.290000000000000000e+03 6.106939029915622180e-02
3.300000000000000000e+03 6.011083527201996346e-02
3.310000000000000000e+03 5.916111495817188287e-02
3.320000000000000000e+03 5.822458586837130773e-02
3.330000000000000000e+03 5.730535241487862835e-02
3.340000000000000000e+03 5.640726521861662290e-02
3.350000000000000000e+03 5.553391036042721468e-02
3.360000000000000000e+03 5.468858657094859826e-02
3.370000000000000000e+03 5.387426947370711761e-02
3.380000000000000000e+03 5.309356838864472822e-02
3.390000000000000000e+03 5.234868758397526189e-02
3.400000000000000000e+03 5.164140419229455714e-02
3.410000000000000000e+03 5.097307135314296800e-02
3.420000000000000000e+03 5.034464572261600213e-02
3.430000000000000000e+03 4.975674333673713728e-02
3.440000000000000000e+03 4.920972112813816468e-02
3.450000000000000000e+03 4.870377181700313862e-02
3.460000000000000000e+03 4.823901992255210519e-02
3.470000000000000000e+03 4.781560019666430961e-02
3.480000000000000000e+03 4.743371253031619661e-02
3.490000000000000000e+03 4.709364433825991014e-02
3.500000000000000000e+03 4.679575454473011015e-02
3.510000000000000000e+03 4.654042501912562801e-02
3.520000000000000000e+03 4.632799180340010231e-02
3.530000000000000000e+03 4.615867035442117877e-02
3.540000000000000000e+03 4.603248726182325445e-02
3.550000000000000000e+03 4.594923211421660797e-02
3.560000000000000000e+03 4.590844086893663273e-02
3.570000000000000000e+03 4.590941096760187828e-02
3.580000000000000000e+03 4.595124432346393839e-02
3.590000000000000000e+03 4.603290635943688841e-02
3.600000000000000000e+03 4.615328321962788860e-02
3.610000000000000000e+03 4.631122133589649081e-02
3.620000000000000000e+03 4.650553876377321733e-02
3.630000000000000000e+03 4.673500509683022053e-02
3.640000000000000000e+03 4.699829311397465958e-02
3.650000000000000000e+03 4.729391334316570411e-02
3.660000000000000000e+03 4.762014766903110985e-02
3.670000000000000000e+03 4.797499638881082967e-02
3.680000000000000000e+03 4.835615022086073994e-02
3.690000000000000000e+03 4.876099355362046445e-02
3.700000000000000000e+03 4.918663904505147372e-02
3.710000000000000000e+03 4.962998861474075124e-02
3.720000000000000000e+03 5.008780963451552048e-02
3.730000000000000000e+03 5.055681197743302352e-02
3.740000000000000000e+03 5.103371772884226359e-02
3.750000000000000000e+03 5.151531908906688967e-02
3.760000000000000000e+03 5.199852025051237420e-02
3.770000000000000000e+03 5.248036143043818130e-02
3.780000000000000000e+03 5.295802572195160152e-02
3.790000000000000000e+03 5.342883085245408309e-02
3.800000000000000000e+03 5.389020985372848516e-02
3.810000000000000000e+03 5.433968531087416537e-02
3.820000000000000000e+03 5.477484054518383383e-02
3.830000000000000000e+03 5.519329068173376568e-02
3.840000000000000000e+03 5.559265800424644660e-02
3.850000000000000000e+03 5.597055660577365810e-02
3.860000000000000000e+03 5.632458867722656831e-02
3.870000000000000000e+03 5.665235326723646464e-02
3.880000000000000000e+03 5.695146929793565987e-02
3.890000000000000000e+03 5.721961334430415019e-02
3.900000000000000000e+03 5.745456966616415556e-02
3.910000000000000000e+03 5.765429027997429068e-02
3.920000000000000000e+03 5.781696337744129249e-02
3.930000000000000000e+03 5.794108681737173555e-02
3.940000000000000000e+03 5.802554045271272193e-02
3.950000000000000000e+03 5.806964922506571009e-02
3.960000000000000000e+03 5.807322968037859079e-02
3.970000000000000000e+03 5.803661366428981144e-02
3.980000000000000000e+03 5.796064083602960049e-02
3.990000000000000000e+03 5.784661686437234107e-02
4.000000000000000000e+03 5.769624444179804329e-02
4.010000000000000000e+03 5.751153019851454329e-02
4.020000000000000000e+03 5.729467446486616322e-02
4.030000000000000000e+03 5.704795515472308592e-02
4.040000000000000000e+03 5.677361736271002712e-02
4.050000000000000000e+03 5.647377850490162970e-02
4.060000000000000000e+03 5.615035690379768796e-02
4.070000000000000000e+03 5.580503056512323146e-02
4.080000000000000000e+03 5.543923001319021188e-02
4.090000000000000000e+03 5.505416354586931127e-02
4.100000000000000000e+03 5.465087335799082707e-02
4.110000000000000000e+03 5.423031959057050128e-02
4.120000000000000000e+03 5.379348331242677500e-02
4.130000000000000000e+03 5.334147575318968354e-02
4.140000000000000000e+03 5.287564009678399207e-02
4.150000000000000000e+03 5.239763095353029698e-02
4.160000000000000000e+03 5.190945618084580326e-02
4.170000000000000000e+03 5.141347171488169082e-02
4.180000000000000000e+03 5.091232895662452934e-02
4.190000000000000000e+03 5.040888198527053443e-02
4.200000000000000000e+03 4.990606923706875780e-02
4.210000000000000000e+03 4.940678875431215450e-02
4.220000000000000000e+03 4.891378614771953182e-02
4.230000000000000000e+03 4.842957268759334744e-02
4.240000000000000000e+03 4.795638569889033864e-02
4.250000000000000000e+03 4.749619361671775231e-02
4.260000000000000000e+03 4.705073737248829241e-02
4.270000000000000000e+03 4.662159143155786278e-02
4.280000000000000000e+03 4.621022268121007665e-02
4.290000000000000000e+03 4.581802619251002656e-02
4.300000000000000000e+03 4.544632414429846529e-02
4.310000000000000000e+03 4.509632515093405652e-02
4.320000000000000000e+03 4.476905193795303883e-02
4.330000000000000000e+03 4.446525429411667119e-02
4.340000000000000000e+03 4.418533101427302850e-02
4.350000000000000000e+03 4.392928647848724777e-02
4.360000000000000000e+03 4.369674254368235283e-02
4.370000000000000000e+03 4.348701483022222175e-02
4.380000000000000000e+03 4.329924847058012199e-02
4.390000000000000000e+03 4.313259561155793204e-02
4.400000000000000000e+03 4.298640712705794481e-02
4.410000000000000000e+03 4.286040590097805331e-02
4.420000000000000000e+03 4.275481075053567948e-02
4.430000000000000000e+03 4.267038717761131861e-02
4.440000000000000000e+03 4.260841135122473561e-02
4.450000000000000000e+03 4.257054763674304049e-02
4.460000000000000000e+03 4.255865629227960356e-02
4.470000000000000000e+03 4.257456181975530912e-02
4.480000000000000000e+03 4.261981892901509084e-02
4.490000000000000000e+03 4.269551214921617210e-02
4.500000000000000000e+03 4.280211927118822424e-02
4.510000000000000000e+03 4.293945570025770042e-02
4.520000000000000000e+03 4.310670136663518476e-02
4.530000000000000000e+03 4.330249831346449918e-02
4.540000000000000000e+03 4.352509660971465993e-02
4.550000000000000000e+03 4.377252045588957141e-02
4.560000000000000000e+03 4.404272740817694737e-02
4.570000000000000000e+03 4.433373957541017485e-02
4.580000000000000000e+03 4.464373404531571388e-02
4.590000000000000000e+03 4.497108890165337630e-02
4.600000000000000000e+03 4.531438930140010979e-02
4.610000000000000000e+03 4.567240375673186498e-02
4.620000000000000000e+03 4.604404364897742713e-02
4.630000000000000000e+03 4.642831857354721287e-02
4.640000000000000000e+03 4.682429766731452392e-02
4.650000000000000000e+03 4.723108298588737930e-02
4.660000000000000000e+03 4.764779602099861872e-02
4.670000000000000000e+03 4.807357555707336000e-02
4.680000000000000000e+03 4.850758295789480562e-02
4.690000000000000000e+03 4.894900943352092915e-02
4.700000000000000000e+03 4.939707959378789037e-02
4.710000000000000000e+03 4.985104570680943398e-02
4.720000000000000000e+03 5.031016868087782173e-02
4.730000000000000000e+03 5.077368469307520782e-02
4.740000000000000000e+03 5.124075972967118836e-02
4.750000000000000000e+03 5.171043693455416868e-02
4.760000000000000000e+03 5.218158384605015021e-02
4.770000000000000000e+03 5.265284790660652164e-02
4.780000000000000000e+03 5.312262828152381627e-02
4.790000000000000000e+03 5.358906992460652635e-02
4.800000000000000000e+03 5.405008246439180902e-02
4.810000000000000000e+03 5.450338263766606184e-02
4.820000000000000000e+03 5.494655630171720040e-02
4.830000000000000000e+03 5.537713303212548482e-02
4.840000000000000000e+03 5.579266473622937483e-02
4.850000000000000000e+03 5.619080079293653496e-02
4.860000000000000000e+03 5.656935461166403417e-02
4.870000000000000000e+03 5.692635860150723620e-02
4.880000000000000000e+03 5.726010813535697963e-02
4.890000000000000000e+03 5.756919775744652468e-02
4.900000000000000000e+03 5.785255177956909883e-02
4.910000000000000000e+03 5.810944911146224273e-02
4.920000000000000000e+03 5.833953639046293022e-02
4.930000000000000000e+03 5.854282103770520884e-02
4.940000000000000000e+03 5.871963702560850651e-02
4.950000000000000000e+03 5.887057881198254350e-02
4.960000000000000000e+03 5.899640365008689685e-02
4.970000000000000000e+03 5.909791092124863643e-02
4.980000000000000000e+03 5.917581589620047461e-02
4.990000000000000000e+03 5.923063899043858049e-02
5.000000000000000000e+03 5.926263001506321820e-02
5.010000000000000000e+03 5.927174453274960259e-02
5.020000000000000000e+03 5.925768052191363044e-02
5.030000000000000000e+03 5.921997083195210121e-02
5.040000000000000000e+03 5.915811656246275363e-02
5.050000000000000000e+03 5.907173833878923142e-02
5.060000000000000000e+03 5.896071821879676073e-02
5.070000000000000000e+03 5.882530841678280248e-02
5.080000000000000000e+03 5.866619129468304827e-02
5.090000000000000000e+03 5.848448465579603878e-02
5.100000000000000000e+03 5.828169662632506909e-02
5.110000000000000000e+03 5.805964327398792368e-02
5.120000000000000000e+03 5.782034829888049038e-02
5.130000000000000000e+03 5.756594457258260022e-02
5.140000000000000000e+03 5.729859366483068539e-02
5.150000000000000000e+03 5.702043298580408009e-02
5.160000000000000000e+03 5.673355028150041390e-02
5.170000000000000000e+03 5.643997681583167586e-02
5.180000000000000000e+03 5.614168583594068146e-02
5.190000000000000000e+03 5.584058186898276793e-02
5.200000000000000000e+03 5.553846995966151001e-02
5.210000000000000000e+03 5.523700098217251830e-02
5.220000000000000000e+03 5.493759758966839518e-02
5.230000000000000000e+03 5.464137362638717826e-02
5.240000000000000000e+03 5.434906479745014313e-02
5.250000000000000000e+03 5.406098856222082277e-02
5.260000000000000000e+03 5.377704801429800813e-02
5.270000000000000000e+03 5.349678936735245693e-02
5.280000000000000000e+03 5.321951332165174992e-02
5.290000000000000000e+03 5.294442895622154810e-02
5.300000000000000000e+03 5.267083226872621565e-02
5.310000000000000000e+03 5.239828735126356857e-02
5.320000000000000000e+03 5.212678563987747926e-02
5.330000000000000000e+03 5.185685999611949759e-02
5.340000000000000000e+03 5.158963542008088154e-02
5.350000000000000000e+03 5.132680637082657343e-02
5.360000000000000000e+03 5.107054046140573067e-02
5.370000000000000000e+03 5.082331830894861596e-02
5.380000000000000000e+03 5.058772781109827782e-02
5.390000000000000000e+03 5.036623778053027356e-02
5.400000000000000000e+03 5.016097938746384710e-02
5.410000000000000000e+03 4.997356250015374396e-02
5.420000000000000000e+03 4.980494865543075300e-02
5.430000000000000000e+03 4.965539456680130581e-02
5.440000000000000000e+03 4.952447108197027825e-02
5.450000000000000000e+03 4.941115245431201841e-02
5.460000000000000000e+03 4.931396230112657791e-02
5.470000000000000000e+03 4.923115619782745395e-02
5.480000000000000000e+03 4.916091785472839065e-02
5.490000000000000000e+03 4.910154649783590036e-02
5.500000000000000000e+03 4.905161578497673619e-02
5.510000000000000000e+03 4.901008996458969952e-02
5.520000000000000000e+03 4.897638979586901864e-02
5.530000000000000000e+03 4.895040778622335165e-02
5.540000000000000000e+03 4.893247787313546177e-02
5.550000000000000000e+03 4.892330894243696743e-02
5.560000000000000000e+03 4.892389432520345693e-02
5.570000000000000000e+03 4.893541004442177045e-02
5.580000000000000000e+03 4.895911426926771726e-02
5.590000000000000000e+03 4.899625631531933506e-02
5.600000000000000000e+03 4.904800169729086473e-02
5.610000000000000000e+03 4.911537491709926789e-02
5.620000000000000000e+03 4.919921743719318785e-02
5.630000000000000000e+03 4.930015722720771515e-02
5.640000000000000000e+03 4.941858531605889532e-02
5.650000000000000000e+03 4.955463415592938764e-02
5.660000000000000000e+03 4.970815707849168125e-02
5.670000000000000000e+03 4.987871217711183774e-02
5.680000000000000000e+03 5.006555305699767616e-02
5.690000000000000000e+03 5.026763092686396123e-02
5.700000000000000000e+03 5.048361480840768412e-02
5.710000000000000000e+03 5.071193218731407520e-02
5.720000000000000000e+03 5.095082622601813244e-02
5.730000000000000000e+03 5.119842428232056208e-02
5.740000000000000000e+03 5.145281007285643082e-02
5.750000000000000000e+03 5.171208758105463876e-02
5.760000000000000000e+03 5.197442662879902392e-02
5.770000000000000000e+03 5.223808598539438075e-02
5.780000000000000000e+03 5.250141474725256857e-02
5.790000000000000000e+03 5.276283567191637769e-02
5.800000000000000000e+03 5.302082148860625538e-02
5.810000000000000000e+03 5.327388380024649511e-02
5.820000000000000000e+03 5.352058081316209831e-02
5.830000000000000000e+03 5.375954527722375670e-02
5.840000000000000000e+03 5.398952844473459828e-02
5.850000000000000000e+03 5.420944884780515977e-02
5.860000000000000000e+03 5.441842908050995020e-02
5.870000000000000000e+03 5.461580470357004641e-02
5.880000000000000000e+03 5.480110040543613448e-02
5.890000000000000000e+03 5.497397494886070712e-02
5.900000000000000000e+03 5.513414384868341178e-02
5.910000000000000000e+03 5.528129686447960656e-02
5.920000000000000000e+03 5.541502993636379659e-02
5.930000000000000000e+03 5.553480542757323335e-02
5.940000000000000000e+03 5.563994581830545433e-02
5.950000000000000000e+03 5.572965700502859054e-02
5.960000000000000000e+03 5.580306870949917897e-02
5.970000000000000000e+03 5.585927696526144653e-02
5.980000000000000000e+03 5.589737637295755929e-02
5.990000000000000000e+03 5.591647658900108370e-02
6.000000000000000000e+03 5.591570554171558516e-02
6.010000000000000000e+03 5.589420834716714304e-02
6.020000000000000000e+03 5.585115392859716504e-02
6.030000000000000000e+03 5.578575925655009093e-02
6.040000000000000000e+03 5.569733476602535538e-02
6.050000000000000000e+03 5.558534671014050965e-02
6.060000000000000000e+03 5.544948585950362774e-02
6.070000000000000000e+03 5.528972923518530452e-02
6.080000000000000000e+03 5.510638296644260886e-02
6.090000000000000000e+03 5.490009904486565367e-02
6.100000000000000000e+03 5.467186465755651675e-02
6.110000000000000000e+03 5.442296800996470479e-02
6.120000000000000000e+03 5.415494849558315921e-02
6.130000000000000000e+03 5.386954083296275481e-02
6.140000000000000000e+03 5.356862137481968600e-02
6.150000000000000000e+03 5.325416073561605595e-02
6.160000000000000000e+03 5.292818256310959785e-02
6.170000000000000000e+03 5.259272558813761489e-02
6.180000000000000000e+03 5.224980601209782555e-02
6.190000000000000000e+03 5.190137924477348369e-02
6.200000000000000000e+03 5.154930207212761462e-02
6.210000000000000000e+03 5.119529784162134278e-02
6.220000000000000000e+03 5.084092781277346762e-02
6.230000000000000000e+03 5.048757195777753976e-02
6.240000000000000000e+03 5.013642254515070923e-02
6.250000000000000000e+03 4.978849287206024016e-02
6.260000000000000000e+03 4.944464166428583218e-02
6.270000000000000000e+03 4.910561185294708142e-02
6.280000000000000000e+03 4.877208051492954582e-02
6.290000000000000000e+03 4.844471463162972058e-02
6.300000000000000000e+03 4.812422524874584995e-02
6.310000000000000000e+03 4.781141165422944650e-02
6.320000000000000000e+03 4.750718786229708029e-02
6.330000000000000000e+03 4.721258545276751928e-02
6.340000000000000000e+03 4.692872996058460727e-02
6.350000000000000000e+03 4.665679276086812099e-02
6.360000000000000000e+03 4.639792539069886174e-02
6.370000000000000000e+03 4.615318680295928122e-02
6.380000000000000000e+03 4.592347560134855955e-02
6.390000000000000000e+03 4.570947878467156861e-02
6.400000000000000000e+03 4.551164582761719340e-02
6.410000000000000000e+03 4.533019256744950237e-02
6.420000000000000000e+03 4.516513401146877993e-02
6.430000000000000000e+03 4.501633965129753223e-02
6.440000000000000000e+03 4.488360068167317890e-02
6.450000000000000000e+03 4.476669665649259111e-02
6.460000000000000000e+03 4.466544986822246904e-02
6.470000000000000000e+03 4.457975901876350816e-02
6.480000000000000000e+03 4.450960829325376067e-02
6.490000000000000000e+03 4.445505287679173828e-02
6.500000000000000000e+03 4.441618653214961937e-02
6.510000000000000000e+03 4.439309923737028152e-02
6.520000000000000000e+03 4.438583249856398183e-02
6.530000000000000000e+03 4.439433872111938489e-02
6.540000000000000000e+03 4.441844978119900700e-02
6.550000000000000000e+03 4.445785824792974211e-02
6.560000000000000000e+03 4.451211271081072229e-02
6.570000000000000000e+03 4.458062662266561171e-02
6.580000000000000000e+03 4.466269871654003631e-02
6.590000000000000000e+03 4.475754212077932143e-02
6.600000000000000000e+03 4.486431785608762518e-02
6.610000000000000000e+03 4.498216725601607985e-02
6.620000000000000000e+03 4.511023859083047871e-02
6.630000000000000000e+03 4.524770607686522811e-02
6.640000000000000000e+03 4.539378315949096215e-02
6.650000000000000000e+03 4.554773482848902683e-02
6.660000000000000000e+03 4.570889437042668924e-02
6.670000000000000000e+03 4.587668785224226914e-02
6.680000000000000000e+03 4.605066559986600166e-02
6.690000000000000000e+03 4.623053549566091824e-02
6.700000000000000000e+03 4.641618976117628526e-02
6.710000000000000000e+03 4.660771570977575995e-02
6.720000000000000000e+03 4.680538135867729627e-02
6.730000000000000000e+03 4.700958907569839640e-02
6.740000000000000000e+03 4.722079600266591154e-02
6.750000000000000000e+03 4.743940824839136539e-02
6.760000000000000000e+03 4.766566330049978178e-02
6.770000000000000000e+03 4.789951978048842540e-02
6.780000000000000000e+03 4.814057473520056557e-02
6.790000000000000000e+03 4.838802551196894758e-02
6.800000000000000000e+03 4.864068645755906944e-02
6.810000000000000000e+03 4.889706105611480585e-02
6.820000000000000000e+03 4.915545958138280852e-02
6.830000000000000000e+03 4.941414368141452962e-02
6.840000000000000000e+03 4.967147503330147928e-02
6.850000000000000000e+03 4.992604538282783416e-02
6.860000000000000000e+03 5.017676898299876925e-02
6.870000000000000000e+03 5.042292607678058175e-02
6.880000000000000000e+03 5.066415527909785832e-02
6.890000000000000000e+03 5.090039951277886693e-02
6.900000000000000000e+03 5.113181452311122560e-02
6.910000000000000000e+03 5.135865198689575084e-02
6.920000000000000000e+03 5.158113091538452794e-02
6.930000000000000000e+03 5.179931146423635835e-02
6.940000000000000000e+03 5.201298463509376746e-02
6.950000000000000000e+03 5.222159005251263836e-02
6.960000000000000000e+03 5.242417172471955378e-02
6.970000000000000000e+03 5.261937793241740907e-02
6.980000000000000000e+03 5.280550686689200468e-02
6.990000000000000000e+03 5.298059474876282149e-02
7.000000000000000000e+03 5.314253776014626202e-02
7.010000000000000000e+03 5.328923418375253879e-02
7.020000000000000000e+03 5.341872985732848411e-02
7.030000000000000000e+03 5.352934937535645810e-02
7.040000000000000000e+03 5.361979854236396253e-02
7.050000000000000000e+03 5.368922920320301495e-02
7.060000000000000000e+03 5.373726302861688703e-02
7.070000000000000000e+03 5.376397596540795354e-02
7.080000000000000000e+03 5.376984996384703147e-02
7.090000000000000000e+03 5.375570204097220028e-02
7.100000000000000000e+03 5.372260158427624721e-02
7.110000000000000000e+03 5.367178562664104424e-02
7.120000000000000000e+03 5.360458003761636031e-02
7.130000000000000000e+03 5.352233197674868825e-02
7.140000000000000000e+03 5.342635624284954032e-02
7.150000000000000000e+03 5.331789666354647128e-02
7.160000000000000000e+03 5.319810246084420713e-02
7.170000000000000000e+03 5.306801805795147153e-02
7.180000000000000000e+03 5.292858274396145674e-02
7.190000000000000000e+03 5.278063510657730883e-02
7.200000000000000000e+03 5.262491785267181532e-02
7.210000000000000000e+03 5.246208031778376579e-02
7.220000000000000000e+03 5.229267669511267203e-02
7.230000000000000000e+03 5.211715903171632719e-02
7.240000000000000000e+03 5.193586688011160579e-02
7.250000000000000000e+03 5.174901882803445430e-02
7.260000000000000000e+03 5.155671298529457963e-02
7.270000000000000000e+03 5.135894243404554721e-02
7.280000000000000000e+03 5.115562863411624722e-02
7.290000000000000000e+03 5.094667182159025309e-02
7.300000000000000000e+03 5.073201325905085657e-02
7.310000000000000000e+03 5.051170131007287623e-02
7.320000000000000000e+03 5.028595179252599162e-02
7.330000000000000000e+03 5.005519218987011798e-02
7.340000000000000000e+03 4.982008052933774300e-02
7.350000000000000000e+03 4.958149414998932331e-02
7.360000000000000000e+03 4.934049038411488647e-02
7.370000000000000000e+03 4.909824723937231822e-02
7.380000000000000000e+03 4.885599604328524914e-02
7.390000000000000000e+03 4.861496045360595014e-02
7.400000000000000000e+03 4.837631555165257391e-02
7.410000000000000000e+03 4.814117586501926588e-02
7.420000000000000000e+03 4.791061463369664097e-02
7.430000000000000000e+03 4.768570829420495927e-02
7.440000000000000000e+03 4.746759192828189922e-02
7.450000000000000000e+03 4.725750679984036529e-02
7.460000000000000000e+03 4.705682046405810365e-02
7.470000000000000000e+03 4.686700511697820121e-02
7.480000000000000000e+03 4.668956914368741634e-02
7.490000000000000000e+03 4.652594720555125463e-02
7.500000000000000000e+03 4.637736460198279426e-02
7.510000000000000000e+03 4.624469961681326041e-02
7.520000000000000000e+03 4.612837096042562285e-02
7.530000000000000000e+03 4.602827487787702204e-02
7.540000000000000000e+03 4.594378755070693127e-02
7.550000000000000000e+03 4.587383617390594637e-02
7.560000000000000000e+03 4.581702888648270938e-02
7.570000000000000000e+03 4.577182315691197267e-02
7.580000000000000000e+03 4.573670711766778668e-02
7.590000000000000000e+03 4.571036796770913679e-02
7.600000000000000000e+03 4.569182517547366873e-02
7.610000000000000000e+03 4.568051356066171048e-02
7.620000000000000000e+03 4.567630989494109173e-02
7.630000000000000000e+03 4.567950398538017653e-02
7.640000000000000000e+03 4.569072078124862546e-02
7.650000000000000000e+03 4.571080385639567090e-02
7.660000000000000000e+03 4.574067272991427791e-02
7.670000000000000000e+03 4.578116901333564859e-02
7.680000000000000000e+03 4.583291013538766390e-02
7.690000000000000000e+03 4.589617126922081181e-02
7.700000000000000000e+03 4.597081346884690500e-02
7.710000000000000000e+03 4.605626943419333097e-02
7.720000000000000000e+03 4.615158930484290073e-02
7.730000000000000000e+03 4.625553872676405054e-02
7.740000000000000000e+03 4.636673125097098142e-02
7.750000000000000000e+03 4.648377027906856751e-02
7.760000000000000000e+03 4.660537520879346612e-02
7.770000000000000000e+03 4.673047264832482645e-02
7.780000000000000000e+03 4.685824400056017719e-02
7.790000000000000000e+03 4.698813061038850658e-02
7.800000000000000000e+03 4.711980535257417196e-02
7.810000000000000000e+03 4.725312476323871580e-02
7.820000000000000000e+03 4.738807601006052306e-02
7.830000000000000000e+03 4.752472833190073825e-02
7.840000000000000000e+03 4.766319384824983796e-02
7.850000000000000000e+03 4.780359824708935862e-02
7.860000000000000000e+03 4.794605704575303357e-02
7.870000000000000000e+03 4.809065198762054599e-02
7.880000000000000000e+03 4.823740476178502157e-02
7.890000000000000000e+03 4.838624825803129748e-02
7.900000000000000000e+03 4.853699817288616852e-02
7.910000000000000000e+03 4.868932860415850494e-02
7.920000000000000000e+03 4.884275497066251776e-02
7.930000000000000000e+03 4.899662688606866434e-02
7.940000000000000000e+03 4.915013202435600942e-02
7.950000000000000000e+03 4.930231059773507174e-02
7.960000000000000000e+03 4.945207998873366040e-02
7.970000000000000000e+03 4.959826899936802674e-02
7.980000000000000000e+03 4.973966008207057754e-02
7.990000000000000000e+03 4.987503689703122467e-02
8.000000000000000000e+03 5.000323437714583596e-02
8.010000000000000000e+03 5.012318830781554296e-02
8.020000000000000000e+03 5.023398102742842458e-02
8.030000000000000000e+03 5.033487877919666509e-02
8.040000000000000000e+03 5.042535569834611514e-02
8.050000000000000000e+03 5.050510112375856259e-02
8.060000000000000000e+03 5.057401010747608616e-02
8.070000000000000000e+03 5.063215973717441476e-02
8.080000000000000000e+03 5.067977523925226713e-02
8.090000000000000000e+03 5.071719103997722466e-02
8.100000000000000000e+03 5.074481271068531640e-02
8.110000000000000000e+03 5.076308410588730585e-02
8.120000000000000000e+03 5.077246108231861510e-02
8.130000000000000000e+03 5.077338980199326557e-02
8.140000000000000000e+03 5.076628423525852973e-02
8.150000000000000000e+03 5.075149655233687773e-02
8.160000000000000000e+03 5.072927685130687592e-02
8.170000000000000000e+03 5.069972373541119237e-02
8.180000000000000000e+03 5.066273274372698476e-02
8.190000000000000000e+03 5.061795350874496308e-02
8.200000000000000000e+03 5.056476780177172198e-02
8.210000000000000000e+03 5.050229903064114290e-02
8.220000000000000000e+03 5.042945835351824585e-02
8.230000000000000000e+03 5.034502526703103775e-02
8.240000000000000000e+03 5.024775359357974702e-02
8.250000000000000000e+03 5.013648916396022670e-02
8.260000000000000000e+03 5.001028437372381785e-02
8.270000000000000000e+03 4.986849640723331478e-02
8.280000000000000000e+03 4.971085909707247813e-02
8.290000000000000000e+03 4.953752248632862371e-02
8.300000000000000000e+03 4.934905916904790829e-02
8.310000000000000000e+03 4.914644067988677145e-02
8.320000000000000000e+03 4.893098984898804765e-02
8.330000000000000000e+03 4.870431520457518815e-02
8.340000000000000000e+03 4.846823218723252114e-02
8.350000000000000000e+03 4.822467657726101781e-02
8.360000000000000000e+03 4.797561726387124942e-02
8.370000000000000000e+03 4.772297529789309295e-02
8.380000000000000000e+03 4.746855497885603403e-02
8.390000000000000000e+03 4.721399259071291932e-02
8.400000000000000000e+03 4.696072747900695288e-02
8.410000000000000000e+03 4.670999780041838051e-02
8.420000000000000000e+03 4.646285992639662826e-02
8.430000000000000000e+03 4.622022554712053310e-02
8.440000000000000000e+03 4.598290606484649323e-02
8.450000000000000000e+03 4.575165218949115570e-02
8.460000000000000000e+03 4.552717794240997845e-02
8.470000000000000000e+03 4.531016226399887242e-02
8.480000000000000000e+03 4.510122797701643371e-02
8.490000000000000000e+03 4.490090538809460297e-02
8.500000000000000000e+03 4.470959325202782109e-02
8.510000000000000000e+03 4.452753210738746165e-02
8.520000000000000000e+03 4.435480385112051949e-02
8.530000000000000000e+03 4.419136725698961238e-02
8.540000000000000000e+03 4.403713177101171300e-02
8.550000000000000000e+03 4.389206219566173239e-02
8.560000000000000000e+03 4.375629766975589613e-02
8.570000000000000000e+03 4.363026184928008727e-02
8.580000000000000000e+03 4.351473967090213613e-02
8.590000000000000000e+03 4.341090041477789485e-02
8.600000000000000000e+03 4.332025497209156945e-02
8.610000000000000000e+03 4.324454670161480968e-02
8.620000000000000000e+03 4.318558775093420121e-02
8.630000000000000000e+03 4.314506266809227386e-02
8.640000000000000000e+03 4.312432822363083951e-02
8.650000000000000000e+03 4.312424138647026617e-02
8.660000000000000000e+03 4.314504422518013887e-02
8.670000000000000000e+03 4.318632541436613625e-02
8.680000000000000000e+03 4.324706623069764916e-02
8.690000000000000000e+03 4.332576660894913584e-02
8.700000000000000000e+03 4.342063429965870025e-02
8.710000000000000000e+03 4.352980999552206326e-02
8.720000000000000000e+03 4.365159496222947161e-02
8.730000000000000000e+03 4.378464598674650099e-02
8.740000000000000000e+03 4.392810850063075950e-02
8.750000000000000000e+03 4.408167084595383117e-02
8.760000000000000000e+03 4.424553474665283287e-02
8.770000000000000000e+03 4.442030939462402600e-02
8.780000000000000000e+03 4.460685012249394898e-02
8.790000000000000000e+03 4.480607298283466322e-02
8.800000000000000000e+03 4.501877944656323960e-02
8.810000000000000000e+03 4.524552068903073959e-02
8.820000000000000000e+03 4.548652011876176682e-02
8.830000000000000000e+03 4.574166030607591110e-02
8.840000000000000000e+03 4.601052881261427641e-02
8.850000000000000000e+03 4.629250770239051738e-02
8.860000000000000000e+03 4.658688481246047591e-02
8.870000000000000000e+03 4.689296218098261415e-02
8.880000000000000000e+03 4.721013879823720422e-02
8.890000000000000000e+03 4.753795081697750197e-02
8.900000000000000000e+03 4.787606096677428369e-02
8.910000000000000000e+03 4.822419775498305861e-02
8.920000000000000000e+03 4.858205432115327016e-02
8.930000000000000000e+03 4.894916603980025566e-02
8.940000000000000000e+03 4.932479120082446794e-02
8.950000000000000000e+03 4.970781804876663740e-02
8.960000000000000000e+03 5.009671580847049194e-02
8.970000000000000000e+03 5.048954059193848376e-02
8.980000000000000000e+03 5.088399853484498053e-02
8.990000000000000000e+03 5.127755754778797609e-02
9.000000000000000000e+03 5.166758934233715850e-02
9.010000000000000000e+03 5.205151734741720465e-02
9.020000000000000000e+03 5.242694564827191789e-02
9.030000000000000000e+03 5.279174883663965978e-02
9.040000000000000000e+03 5.314411128927200995e-02
9.050000000000000000e+03 5.348251560149647199e-02
9.060000000000000000e+03 5.380568826336169785e-02
9.070000000000000000e+03 5.411251652025850928e-02
9.080000000000000000e+03 5.440195550402462249e-02
9.090000000000000000e+03 5.467294389131895777e-02
9.100000000000000000e+03 5.492433939502206625e-02
9.110000000000000000e+03 5.515487960717016525e-02
9.120000000000000000e+03 5.536317256375627993e-02
9.130000000000000000e+03 5.554771933993185584e-02
9.140000000000000000e+03 5.570696624716780371e-02
9.150000000000000000e+03 5.583938002540308337e-02
9.160000000000000000e+03 5.594353746262130389e-02
9.170000000000000000e+03 5.601822083495043569e-02
9.180000000000000000e+03 5.606251091447371493e-02
9.190000000000000000e+03 5.607586886424046485e-02
9.200000000000000000e+03 5.605819845460380257e-02
9.210000000000000000e+03 5.600988129797571102e-02
9.220000000000000000e+03 5.593178018833907389e-02
9.230000000000000000e+03 5.582520951576862289e-02
9.240000000000000000e+03 5.569187483678766926e-02
9.250000000000000000e+03 5.553378573117706551e-02
9.260000000000000000e+03 5.535314991010725771e-02
9.270000000000000000e+03 5.515225973712719471e-02
9.280000000000000000e+03 5.493338235074497061e-02
9.290000000000000000e+03 5.469866341184588532e-02
9.300000000000000000e+03 5.445005316993661859e-02
9.310000000000000000e+03 5.418926148206176796e-02
9.320000000000000000e+03 5.391774243137011091e-02
9.330000000000000000e+03 5.363670525980356735e-02
9.340000000000000000e+03 5.334714791377046655e-02
9.350000000000000000e+03 5.304990825658614101e-02
9.360000000000000000e+03 5.274572769838017927e-02
9.370000000000000000e+03 5.243532433015492267e-02
9.380000000000000000e+03 5.211947241760675475e-02
9.390000000000000000e+03 5.179908183243678993e-02
9.400000000000000000e+03 5.147526918099361304e-02
9.410000000000000000e+03 5.114941319077494220e-02
9.420000000000000000e+03 5.082318558770405198e-02
9.430000000000000000e+03 5.049854676233301448e-02
9.440000000000000000e+03 5.017769963724252880e-02
9.450000000000000000e+03 4.986300378036848807e-02
9.460000000000000000e+03 4.955685970075807828e-02
9.470000000000000000e+03 4.926157976698612023e-02
9.480000000000000000e+03 4.897926556356163585e-02
9.490000000000000000e+03 4.871170938327135796e-02
9.500000000000000000e+03 4.846033213149106289e-02
9.510000000000000000e+03 4.822616331148790042e-02
9.520000000000000000e+03 4.800986132029753245e-02
9.530000000000000000e+03 4.781176752457315382e-02
9.540000000000000000e+03 4.763198432249053649e-02
9.550000000000000000e+03 4.747046520609861375e-02
9.560000000000000000e+03 4.732710488584541964e-02
9.570000000000000000e+03 4.720181914812560803e-02
9.580000000000000000e+03 4.709460686758525777e-02
9.590000000000000000e+03 4.700559180187189462e-02
9.600000000000000000e+03 4.693504818707628506e-02
9.610000000000000000e+03 4.688341648369918208e-02
9.620000000000000000e+03 4.685131391545592494e-02
9.630000000000000000e+03 4.683954279086093714e-02
9.640000000000000000e+03 4.684909655130920642e-02
9.650000000000000000e+03 4.688115790071527983e-02
9.660000000000000000e+03 4.693707913426842238e-02
9.670000000000000000e+03 4.701833390555991421e-02
9.680000000000000000e+03 4.712643249109466081e-02
9.690000000000000000e+03 4.726279855383926781e-02
9.700000000000000000e+03 4.742861509149647048e-02
9.710000000000000000e+03 4.762465740437677592e-02
9.720000000000000000e+03 4.785113743686340154e-02
9.730000000000000000e+03 4.810758466087203949e-02
9.740000000000000000e+03 4.839278423857447387e-02
9.750000000000000000e+03 4.870478579718016260e-02
9.760000000000000000e+03 4.904098660045232150e-02
9.770000000000000000e+03 4.939827963688336876e-02
9.780000000000000000e+03 4.977324484624278539e-02
9.790000000000000000e+03 5.016235532065856789e-02
9.800000000000000000e+03 5.056217034469559501e-02
9.810000000000000000e+03 5.096949120398491795e-02
9.820000000000000000e+03 5.138146326650563922e-02
9.830000000000000000e+03 5.179561727408268229e-02
9.840000000000000000e+03 5.220985170150673621e-02
9.850000000000000000e+03 5.262236549308028921e-02
9.860000000000000000e+03 5.303155652164320139e-02
9.870000000000000000e+03 5.343590422864376299e-02
9.880000000000000000e+03 5.383385476107832579e-02
9.890000000000000000e+03 5.422372552870863976e-02
9.900000000000000000e+03 5.460364240708406175e-02
9.910000000000000000e+03 5.497151616574463828e-02
9.920000000000000000e+03 5.532505641499546600e-02
9.930000000000000000e+03 5.566181271304949246e-02
9.940000000000000000e+03 5.597922729534673264e-02
9.950000000000000000e+03 5.627468453398662418e-02
9.960000000000000000e+03 5.654554567231109830e-02
9.970000000000000000e+03 5.678916192807602348e-02
9.980000000000000000e+03 5.700286623597384389e-02
9.990000000000000000e+03 5.718395323638493510e-02
1.000000000000000000e+04 5.732966543860176095e-02
