Time	Population
0.000000000000000000e+00 1.118392979086567374e-01
1.000000000000000000e+01 1.127189134605913884e-01
2.000000000000000000e+01 1.153409561512822312e-01
3.000000000000000000e+01 1.196503963920188679e-01
4.000000000000000000e+01 1.255624127061714945e-01
5.000000000000000000e+01 1.329661268689138476e-01
6.000000000000000000e+01 1.417306673270145312e-01
7.000000000000000000e+01 1.517113628800489389e-01
8.000000000000000000e+01 1.627559888195169724e-01
9.000000000000000000e+01 1.747105677370318910e-01
1.000000000000000000e+02 1.874243119125967860e-01
1.100000000000000000e+02 2.007534097581550603e-01
1.200000000000000000e+02 2.145635007338375644e-01
1.300000000000000000e+02 2.287308240711985463e-01
1.400000000000000000e+02 2.431421475074116711e-01
1.500000000000000000e+02 2.576936894378498710e-01
1.600000000000000000e+02 2.722893153391613974e-01
1.700000000000000000e+02 2.868383195855527257e-01
1.800000000000000000e+02 3.012531265609281750e-01
1.900000000000000000e+02 3.154472130811264985e-01
2.000000000000000000e+02 3.293335078145151473e-01
2.100000000000000000e+02 3.428234773321698348e-01
2.200000000000000000e+02 3.558270389472955597e-01
2.300000000000000000e+02 3.682533589869526613e-01
2.400000000000000000e+02 3.800125221218877414e-01
2.500000000000000000e+02 3.910180128948966827e-01
2.600000000000000000e+02 4.011898369940077869e-01
2.700000000000000000e+02 4.104580964792762243e-01
2.800000000000000000e+02 4.187667432243378229e-01
2.900000000000000000e+02 4.260772400469240440e-01
3.000000000000000000e+02 4.323718145847593175e-01
3.100000000000000000e+02 4.376560329274704064e-01
3.200000000000000000e+02 4.419604191074696931e-01
3.300000000000000000e+02 4.453409190383306737e-01
3.400000000000000000e+02 4.478781173791405168e-01
3.500000000000000000e+02 4.496751406557308872e-01
3.600000000000000000e+02 4.508543229363430327e-01
3.700000000000000000e+02 4.515528399120260494e-01
3.800000000000000000e+02 4.519175197238277097e-01
3.900000000000000000e+02 4.520991928883326683e-01
4.000000000000000000e+02 4.522469553271659670e-01
4.100000000000000000e+02 4.525027048176790134e-01
4.200000000000000000e+02 4.529962595319762531e-01
4.300000000000000000e+02 4.538413432618464971e-01
4.400000000000000000e+02 4.551326930437200602e-01
4.500000000000000000e+02 4.569443549391501991e-01
4.600000000000000000e+02 4.593291310924197957e-01
4.700000000000000000e+02 4.623191745082743109e-01
4.800000000000000000e+02 4.659274796203077273e-01
4.900000000000000000e+02 4.701500998549132393e-01
5.000000000000000000e+02 4.749688240048920984e-01
5.100000000000000000e+02 4.803540916943893624e-01
5.200000000000000000e+02 4.862678372683757466e-01
5.300000000000000000e+02 4.926661077309588133e-01
5.400000000000000000e+02 4.995012887991883699e-01
5.500000000000000000e+02 5.067238526737146698e-01
5.600000000000000000e+02 5.142835951504097780e-01
5.700000000000000000e+02 5.221303770345915307e-01
5.800000000000000000e+02 5.302144039372580497e-01
5.900000000000000000e+02 5.384861249845179776e-01
6.000000000000000000e+02 5.468959482678614759e-01
6.100000000000000000e+02 5.553938766893470325e-01
6.200000000000000000e+02 5.639291325809666633e-01
6.300000000000000000e+02 5.724499093347918954e-01
6.400000000000000000e+02 5.809034023819069636e-01
6.500000000000000000e+02 5.892361052271831712e-01
6.600000000000000000e+02 5.973944294354696094e-01
6.700000000000000000e+02 6.053256275432660205e-01
6.800000000000000000e+02 6.129789474494438117e-01
6.900000000000000000e+02 6.203070211200620854e-01
7.000000000000000000e+02 6.272673758726904358e-01
7.100000000000000000e+02 6.338238563506166656e-01
7.200000000000000000e+02 6.399478728075430611e-01
7.300000000000000000e+02 6.456194409501471165e-01
7.400000000000000000e+02 6.508278423153441850e-01
7.500000000000000000e+02 6.555718698589110272e-01
7.600000000000000000e+02 6.598595970783919240e-01
7.700000000000000000e+02 6.637077149824149869e-01
7.800000000000000000e+02 6.671404454139175932e-01
7.900000000000000000e+02 6.701881012688997163e-01
8.000000000000000000e+02 6.728854033079408881e-01
8.100000000000000000e+02 6.752696673907572222e-01
8.200000000000000000e+02 6.773789903108999866e-01
8.300000000000000000e+02 6.792505421480355965e-01
8.400000000000000000e+02 6.809190818991067706e-01
8.500000000000000000e+02 6.824157514343042186e-01
8.600000000000000000e+02 6.837672114174142557e-01
8.700000000000000000e+02 6.849951144046300122e-01
8.800000000000000000e+02 6.861159599275684640e-01
8.900000000000000000e+02 6.871412726102916757e-01
9.000000000000000000e+02 6.880780444470095958e-01
9.100000000000000000e+02 6.889293854249146642e-01
9.200000000000000000e+02 6.896953325710105664e-01
9.300000000000000000e+02 6.903737581438330606e-01
9.400000000000000000e+02 6.909612509535058011e-01
9.500000000000000000e+02 6.914539504921642932e-01
9.600000000000000000e+02 6.918483164583507650e-01
9.700000000000000000e+02 6.921417598032023610e-01
9.800000000000000000e+02 6.923331377076399340e-01
9.900000000000000000e+02 6.924231029606832122e-01
1.000000000000000000e+03 6.924143079902569387e-01
1.010000000000000000e+03 6.923114812444155497e-01
1.020000000000000000e+03 6.921213992128667503e-01
1.030000000000000000e+03 6.918527718973745966e-01
1.040000000000000000e+03 6.915160555739012782e-01
1.050000000000000000e+03 6.911232071324521220e-01
1.060000000000000000e+03 6.906874088909948917e-01
1.070000000000000000e+03 6.902227950339231421e-01
1.080000000000000000e+03 6.897441746702973608e-01
1.090000000000000000e+03 6.892667493243541665e-01
1.100000000000000000e+03 6.888058336664559800e-01
1.110000000000000000e+03 6.883765865542915696e-01
1.120000000000000000e+03 6.879937644456879386e-01
1.130000000000000000e+03 6.876714672074671908e-01
1.140000000000000000e+03 6.874228866599885190e-01
1.150000000000000000e+03 6.872600937753745587e-01
1.160000000000000000e+03 6.871938629959778444e-01
1.170000000000000000e+03 6.872334884690581847e-01
1.180000000000000000e+03 6.873866398219946605e-01
1.190000000000000000e+03 6.876592771553433625e-01
1.200000000000000000e+03 6.880556139273680261e-01
1.210000000000000000e+03 6.885781364458416487e-01
1.220000000000000000e+03 6.892276476755174741e-01
1.230000000000000000e+03 6.900033495449467980e-01
1.240000000000000000e+03 6.909029805314843564e-01
1.250000000000000000e+03 6.919229709053983379e-01
1.260000000000000000e+03 6.930586119524893007e-01
1.270000000000000000e+03 6.943042562911962978e-01
1.280000000000000000e+03 6.956535020456749985e-01
1.290000000000000000e+03 6.970993758781643956e-01
1.300000000000000000e+03 6.986345084017543394e-01
1.310000000000000000e+03 7.002512954848419957e-01
1.320000000000000000e+03 7.019420563746830988e-01
1.330000000000000000e+03 7.036991606014258993e-01
1.340000000000000000e+03 7.055151133034238686e-01
1.350000000000000000e+03 7.073826087432300014e-01
1.360000000000000000e+03 7.092945512568339383e-01
1.370000000000000000e+03 7.112440624295528480e-01
1.380000000000000000e+03 7.132244639602635106e-01
1.390000000000000000e+03 7.152292400553099672e-01
1.400000000000000000e+03 7.172519774764610778e-01
1.410000000000000000e+03 7.192862862397387813e-01
1.420000000000000000e+03 7.213257453601256142e-01
1.430000000000000000e+03 7.233638731434962610e-01
1.440000000000000000e+03 7.253941099601274312e-01
1.450000000000000000e+03 7.274098272792904885e-01
1.460000000000000000e+03 7.294043582711352558e-01
1.470000000000000000e+03 7.313710510126181230e-01
1.480000000000000000e+03 7.333033511430431250e-01
1.490000000000000000e+03 7.351948954779591316e-01
1.500000000000000000e+03 7.370396113569609442e-01
1.510000000000000000e+03 7.388318151890771457e-01
1.520000000000000000e+03 7.405663034997997940e-01
1.530000000000000000e+03 7.422384280003997414e-01
1.540000000000000000e+03 7.438441658039679494e-01
1.550000000000000000e+03 7.453801794757640709e-01
1.560000000000000000e+03 7.468438456848378593e-01
1.570000000000000000e+03 7.482332703137160035e-01
1.580000000000000000e+03 7.495473084822807941e-01
1.590000000000000000e+03 7.507855559404936763e-01
1.600000000000000000e+03 7.519482792319760467e-01
1.610000000000000000e+03 7.530363061697235016e-01
1.620000000000000000e+03 7.540508953912162804e-01
1.630000000000000000e+03 7.549935765318942504e-01
1.640000000000000000e+03 7.558659705920024452e-01
1.650000000000000000e+03 7.566696168417025303e-01
1.660000000000000000e+03 7.574058260912799323e-01
1.670000000000000000e+03 7.580755669519688711e-01
1.680000000000000000e+03 7.586793992801055264e-01
1.690000000000000000e+03 7.592174637713756669e-01
1.700000000000000000e+03 7.596895353497485903e-01
1.710000000000000000e+03 7.600951300346571182e-01
1.720000000000000000e+03 7.604336394705879520e-01
1.730000000000000000e+03 7.607044764978928564e-01
1.740000000000000000e+03 7.609071968470891845e-01
1.750000000000000000e+03 7.610415907240077882e-01
1.760000000000000000e+03 7.611077569253295039e-01
1.770000000000000000e+03 7.611061335545100670e-01
1.780000000000000000e+03 7.610374779760242792e-01
1.790000000000000000e+03 7.609028302663460863e-01
1.800000000000000000e+03 7.607034508253051053e-01
1.810000000000000000e+03 7.604407471566824173e-01
1.820000000000000000e+03 7.601162270342420868e-01
1.830000000000000000e+03 7.597314440757889642e-01
1.840000000000000000e+03 7.592879203002922406e-01
1.850000000000000000e+03 7.587871308232809753e-01
1.860000000000000000e+03 7.582304994247892616e-01
1.870000000000000000e+03 7.576193880159600713e-01
1.880000000000000000e+03 7.569551079501913859e-01
1.890000000000000000e+03 7.562389461268613777e-01
1.900000000000000000e+03 7.554721927267554760e-01
1.910000000000000000e+03 7.546561766189717746e-01
1.920000000000000000e+03 7.537922879428398115e-01
1.930000000000000000e+03 7.528819897334125821e-01
1.940000000000000000e+03 7.519268632155430288e-01
1.950000000000000000e+03 7.509286579898842851e-01
1.960000000000000000e+03 7.498893385799423328e-01
1.970000000000000000e+03 7.488111405491552075e-01
1.980000000000000000e+03 7.476966374529984138e-01
1.990000000000000000e+03 7.465488174224528262e-01
2.000000000000000000e+03 7.453711525836712593e-01
2.010000000000000000e+03 7.441676590443832007e-01
2.020000000000000000e+03 7.429429518326945425e-01
2.030000000000000000e+03 7.417022823898834494e-01
2.040000000000000000e+03 7.404515656512888899e-01
2.050000000000000000e+03 7.391973879183898477e-01
2.060000000000000000e+03 7.379469774676415961e-01
2.070000000000000000e+03 7.367081365459331455e-01
2.080000000000000000e+03 7.354891432608959834e-01
2.090000000000000000e+03 7.342986310816298490e-01
2.100000000000000000e+03 7.331454432994261028e-01
2.110000000000000000e+03 7.320384676210422992e-01
2.120000000000000000e+03 7.309864648803292564e-01
2.130000000000000000e+03 7.299978934042207213e-01
2.140000000000000000e+03 7.290807407108240712e-01
2.150000000000000000e+03 7.282423673201792180e-01
2.160000000000000000e+03 7.274893710517713608e-01
2.170000000000000000e+03 7.268274736131566938e-01
2.180000000000000000e+03 7.262614312473045786e-01
2.190000000000000000e+03 7.257949703180631706e-01
2.200000000000000000e+03 7.254307390566182567e-01
2.210000000000000000e+03 7.251702811938390836e-01
2.220000000000000000e+03 7.250140376589161439e-01
2.230000000000000000e+03 7.249613765612086258e-01
2.240000000000000000e+03 7.250106369571057696e-01
2.250000000000000000e+03 7.251591874449456743e-01
2.260000000000000000e+03 7.254035063272606942e-01
2.270000000000000000e+03 7.257392855026889578e-01
2.280000000000000000e+03 7.261615497639368755e-01
2.290000000000000000e+03 7.266647723674747317e-01
2.300000000000000000e+03 7.272429763218026810e-01
2.310000000000000000e+03 7.278898259218752331e-01
2.320000000000000000e+03 7.285987007929038972e-01
2.330000000000000000e+03 7.293627617314001332e-01
2.340000000000000000e+03 7.301750157828432730e-01
2.350000000000000000e+03 7.310283723910042664e-01
2.360000000000000000e+03 7.319156915758512350e-01
2.370000000000000000e+03 7.328298483105039063e-01
2.380000000000000000e+03 7.337638163491824184e-01
2.390000000000000000e+03 7.347107602124743897e-01
2.400000000000000000e+03 7.356641265207115588e-01
2.410000000000000000e+03 7.366177286732429330e-01
2.420000000000000000e+03 7.375658255289535559e-01
2.430000000000000000e+03 7.385031926876705066e-01
2.440000000000000000e+03 7.394251772642691511e-01
2.450000000000000000e+03 7.403277197779922769e-01
2.460000000000000000e+03 7.412073468718234359e-01
2.470000000000000000e+03 7.420611440794472324e-01
2.480000000000000000e+03 7.428866997826680807e-01
2.490000000000000000e+03 7.436820179676787435e-01
2.500000000000000000e+03 7.444454109075444581e-01
2.510000000000000000e+03 7.451753817329920260e-01
2.520000000000000000e+03 7.458705038176212110e-01
2.530000000000000000e+03 7.465293124675020930e-01
2.540000000000000000e+03 7.471502258135754859e-01
2.550000000000000000e+03 7.477315043981412890e-01
2.560000000000000000e+03 7.482712552242173354e-01
2.570000000000000000e+03 7.487674814494613695e-01
2.580000000000000000e+03 7.492181700094570074e-01
2.590000000000000000e+03 7.496214002910118746e-01
2.600000000000000000e+03 7.499754530137628938e-01
2.610000000000000000e+03 7.502789029412244570e-01
2.620000000000000000e+03 7.505306889838245787e-01
2.630000000000000000e+03 7.507301519398207335e-01
2.640000000000000000e+03 7.508770237290319782e-01
2.650000000000000000e+03 7.509713694200922385e-01
2.660000000000000000e+03 7.510135017746030206e-01
2.670000000000000000e+03 7.510038913351264611e-01
2.680000000000000000e+03 7.509430902338882774e-01
2.690000000000000000e+03 7.508316692031310469e-01
2.700000000000000000e+03 7.506701686968709764e-01
2.710000000000000000e+03 7.504590751080598698e-01
2.720000000000000000e+03 7.501988243939680112e-01
2.730000000000000000e+03 7.498898308323739270e-01
2.740000000000000000e+03 7.495325365348393110e-01
2.750000000000000000e+03 7.491274653867076028e-01
2.760000000000000000e+03 7.486752692050696600e-01
2.770000000000000000e+03 7.481767619450953033e-01
2.780000000000000000e+03 7.476329445702195597e-01
2.790000000000000000e+03 7.470450262321897128e-01
2.800000000000000000e+03 7.464144488290008761e-01
2.810000000000000000e+03 7.457429207085068956e-01
2.820000000000000000e+03 7.450324620510521134e-01
2.830000000000000000e+03 7.442854530095583954e-01
2.840000000000000000e+03 7.435046839412347008e-01
2.850000000000000000e+03 7.426934047464125443e-01
2.860000000000000000e+03 7.418553641962289946e-01
2.870000000000000000e+03 7.409948376845056917e-01
2.880000000000000000e+03 7.401166286058259436e-01
2.890000000000000000e+03 7.392260295668970915e-01
2.900000000000000000e+03 7.383287556019828557e-01
2.910000000000000000e+03 7.374308582932799228e-01
2.920000000000000000e+03 7.365386209146743690e-01
2.930000000000000000e+03 7.356584461920757656e-01
2.940000000000000000e+03 7.347967511886553948e-01
2.950000000000000000e+03 7.339598766795397689e-01
2.960000000000000000e+03 7.331540135991144735e-01
2.970000000000000000e+03 7.323851484966052983e-01
2.980000000000000000e+03 7.316590262628351882e-01
2.990000000000000000e+03 7.309811237418782914e-01
3.000000000000000000e+03 7.303566250690233241e-01
3.010000000000000000e+03 7.297903894167966365e-01
3.020000000000000000e+03 7.292869060244381307e-01
3.030000000000000000e+03 7.288502419407113520e-01
3.040000000000000000e+03 7.284839845669581759e-01
3.050000000000000000e+03 7.281911790540014362e-01
3.060000000000000000e+03 7.279742738605888830e-01
3.070000000000000000e+03 7.278350822352769312e-01
3.080000000000000000e+03 7.277747548250316223e-01
3.090000000000000000e+03 7.277937694638094701e-01
3.100000000000000000e+03 7.278919459642655410e-01
3.110000000000000000e+03 7.280684794598466514e-01
3.120000000000000000e+03 7.283219771944690057e-01
3.130000000000000000e+03 7.286504966724743904e-01
3.140000000000000000e+03 7.290515902928177416e-01
3.150000000000000000e+03 7.295223524376173163e-01
3.160000000000000000e+03 7.300594583368470447e-01
3.170000000000000000e+03 7.306591919202698460e-01
3.180000000000000000e+03 7.313174705832251599e-01
3.190000000000000000e+03 7.320298689889329635e-01
3.200000000000000000e+03 7.327916419512154889e-01
3.210000000000000000e+03 7.335977521997593120e-01
3.220000000000000000e+03 7.344429104871713632e-01
3.230000000000000000e+03 7.353216323801674559e-01
3.240000000000000000e+03 7.362283088898846639e-01
3.250000000000000000e+03 7.371572772017519481e-01
3.260000000000000000e+03 7.381029042714064570e-01
3.270000000000000000e+03 7.390596711835921706e-01
3.280000000000000000e+03 7.400222364819183385e-01
3.290000000000000000e+03 7.409854758631621019e-01
3.300000000000000000e+03 7.419445067869450128e-01
3.310000000000000000e+03 7.428947042810549739e-01
3.320000000000000000e+03 7.438317053329640549e-01
3.330000000000000000e+03 7.447514053038880588e-01
3.340000000000000000e+03 7.456499575538596547e-01
3.350000000000000000e+03 7.465237792491314917e-01
3.360000000000000000e+03 7.473695733262323282e-01
3.370000000000000000e+03 7.481843660977515187e-01
3.380000000000000000e+03 7.489655493158258182e-01
3.390000000000000000e+03 7.497109180953898111e-01
3.400000000000000000e+03 7.504186959711016680e-01
3.410000000000000000e+03 7.510875323986148100e-01
3.420000000000000000e+03 7.517164724885309068e-01
3.430000000000000000e+03 7.523048991960685772e-01
3.440000000000000000e+03 7.528524528621340917e-01
3.450000000000000000e+03 7.533589378087754973e-01
3.460000000000000000e+03 7.538242249088621394e-01
3.470000000000000000e+03 7.542481756294561190e-01
3.480000000000000000e+03 7.546305897842624510e-01
3.490000000000000000e+03 7.549711830971872484e-01
3.500000000000000000e+03 7.552695999274924299e-01
3.510000000000000000e+03 7.555254591395257346e-01
3.520000000000000000e+03 7.557384236535615862e-01
3.530000000000000000e+03 7.559082761464414046e-01
3.540000000000000000e+03 7.560349882585619685e-01
3.550000000000000000e+03 7.561187708575914934e-01
3.560000000000000000e+03 7.561600893090415498e-01
3.570000000000000000e+03 7.561596436665625198e-01
3.580000000000000000e+03 7.561183281021429670e-01
3.590000000000000000e+03 7.560371784321131550e-01
3.600000000000000000e+03 7.559173161470719160e-01
3.610000000000000000e+03 7.557599037091322636e-01
3.620000000000000000e+03 7.555661256139445392e-01
3.630000000000000000e+03 7.553372071421087242e-01
3.640000000000000000e+03 7.550744697040966402e-01
3.650000000000000000e+03 7.547794011781748802e-01
3.660000000000000000e+03 7.544537199953139650e-01
3.670000000000000000e+03 7.540994235424077763e-01
3.680000000000000000e+03 7.537188174394899853e-01
3.690000000000000000e+03 7.533145170647279620e-01
3.700000000000000000e+03 7.528894141660196215e-01
3.710000000000000000e+03 7.524466112694924158e-01
3.720000000000000000e+03 7.519893436032892842e-01
3.730000000000000000e+03 7.515209032276821688e-01
3.740000000000000000e+03 7.510445681391351158e-01
3.750000000000000000e+03 7.505635446759372220e-01
3.760000000000000000e+03 7.500809259152148023e-01
3.770000000000000000e+03 7.495996670099349668e-01
3.780000000000000000e+03 7.491225811613787533e-01
3.790000000000000000e+03 7.486523508040890951e-01
3.800000000000000000e+03 7.481915453047318643e-01
3.810000000000000000e+03 7.477426430852930350e-01
3.820000000000000000e+03 7.473080617458828234e-01
3.830000000000000000e+03 7.468901892758217365e-01
3.840000000000000000e+03 7.464914061450002025e-01
3.850000000000000000e+03 7.461140989459833506e-01
3.860000000000000000e+03 7.457606645468881634e-01
3.870000000000000000e+03 7.454335018645943389e-01
3.880000000000000000e+03 7.451349898486301360e-01
3.890000000000000000e+03 7.448674506114302263e-01
3.900000000000000000e+03 7.446330998814726376e-01
3.910000000000000000e+03 7.444339860144720822e-01
3.920000000000000000e+03 7.442719190443443100e-01
3.930000000000000000e+03 7.441483980535373854e-01
3.940000000000000000e+03 7.440645432391148617e-01
3.950000000000000000e+03 7.440210333410245402e-01
3.960000000000000000e+03 7.440180545708495741e-01
3.970000000000000000e+03 7.440552735258819661e-01
3.980000000000000000e+03 7.441318483715854137e-01
3.990000000000000000e+03 7.442464729962109393e-01
4.000000000000000000e+03 7.443974448068182426e-01
4.010000000000000000e+03 7.445827596747653931e-01
4.020000000000000000e+03 7.448002214144591182e-01
4.030000000000000000e+03 7.450475531315616795e-01
4.040000000000000000e+03 7.453225068278173104e-01
4.050000000000000000e+03 7.456229623485014502e-01
4.060000000000000000e+03 7.459470018556354498e-01
4.070000000000000000e+03 7.462929497439553250e-01
4.080000000000000000e+03 7.466593769403111480e-01
4.090000000000000000e+03 7.470450744942886967e-01
4.100000000000000000e+03 7.474489999749770464e-01
4.110000000000000000e+03 7.478701952043190770e-01
4.120000000000000000e+03 7.483076824258054760e-01
4.130000000000000000e+03 7.487603507766558142e-01
4.140000000000000000e+03 7.492268534912531752e-01
4.150000000000000000e+03 7.497055331232248543e-01
4.160000000000000000e+03 7.501943812547088308e-01
4.170000000000000000e+03 7.506910411775464809e-01
4.180000000000000000e+03 7.511928607209893416e-01
4.190000000000000000e+03 7.516969860284087313e-01
4.200000000000000000e+03 7.522004781162549003e-01
4.210000000000000000e+03 7.527004370101859632e-01
4.220000000000000000e+03 7.531941154181319709e-01
4.230000000000000000e+03 7.536790030284837849e-01
4.240000000000000000e+03 7.541528652542468514e-01
4.250000000000000000e+03 7.546137354324590207e-01
4.260000000000000000e+03 7.550598724139094831e-01
4.270000000000000000e+03 7.554897018755584170e-01
4.280000000000000000e+03 7.559017586465300864e-01
4.290000000000000000e+03 7.562946487323309874e-01
4.300000000000000000e+03 7.566670485001336655e-01
4.310000000000000000e+03 7.570177474920665173e-01
4.320000000000000000e+03 7.573457237713309143e-01
4.330000000000000000e+03 7.576502299013355701e-01
4.340000000000000000e+03 7.579308679927677650e-01
4.350000000000000000e+03 7.581876323026700559e-01
4.360000000000000000e+03 7.584208994238452739e-01
4.370000000000000000e+03 7.586313531156290146e-01
4.380000000000000000e+03 7.588198486919021102e-01
4.390000000000000000e+03 7.589872353526097015e-01
4.400000000000000000e+03 7.591341627635906919e-01
4.410000000000000000e+03 7.592609070601883392e-01
4.420000000000000000e+03 7.593672493471999019e-01
4.430000000000000000e+03 7.594524257859924798e-01
4.440000000000000000e+03 7.595151617066141503e-01
4.450000000000000000e+03 7.595537928710938136e-01
4.460000000000000000e+03 7.595664580827109491e-01
4.470000000000000000e+03 7.595513310622171721e-01
4.480000000000000000e+03 7.595068542757312802e-01
4.490000000000000000e+03 7.594319397411358752e-01
4.500000000000000000e+03 7.593261075877467681e-01
4.510000000000000000e+03 7.591895419125720412e-01
4.520000000000000000e+03 7.590230638059317636e-01
4.530000000000000000e+03 7.588280338942943182e-01
4.540000000000000000e+03 7.586062047328102631e-01
4.550000000000000000e+03 7.583595529511764077e-01
4.560000000000000000e+03 7.580901210355275310e-01
4.570000000000000000e+03 7.577998874144207253e-01
4.580000000000000000e+03 7.574906747949170516e-01
4.590000000000000000e+03 7.571641026330570012e-01
4.600000000000000000e+03 7.568215847352981474e-01
4.610000000000000000e+03 7.564643546155387366e-01
4.620000000000000000e+03 7.560935025445810753e-01
4.630000000000000000e+03 7.557100177168480926e-01
4.640000000000000000e+03 7.553148290241767926e-01
4.650000000000000000e+03 7.549088352689938830e-01
4.660000000000000000e+03 7.544929169942722336e-01
4.670000000000000000e+03 7.540679365788900412e-01
4.680000000000000000e+03 7.536347328186746575e-01
4.690000000000000000e+03 7.531941137713312751e-01
4.700000000000000000e+03 7.527468532923015099e-01
4.710000000000000000e+03 7.522936974019226453e-01
4.720000000000000000e+03 7.518353842582663482e-01
4.730000000000000000e+03 7.513726768181520077e-01
4.740000000000000000e+03 7.509064085477366035e-01
4.750000000000000000e+03 7.504375366519244750e-01
4.760000000000000000e+03 7.499671929545972393e-01
4.770000000000000000e+03 7.494967285315589089e-01
4.780000000000000000e+03 7.490277436677938994e-01
4.790000000000000000e+03 7.485620933535223065e-01
4.800000000000000000e+03 7.481018686116366334e-01
4.810000000000000000e+03 7.476493530582789537e-01
4.820000000000000000e+03 7.472069614740116661e-01
4.830000000000000000e+03 7.467771664060126602e-01
4.840000000000000000e+03 7.463624172457921091e-01
4.850000000000000000e+03 7.459650628741991696e-01
4.860000000000000000e+03 7.455872881293108545e-01
4.870000000000000000e+03 7.452310606295664552e-01
4.880000000000000000e+03 7.448980863440105571e-01
4.890000000000000000e+03 7.445897728985251263e-01
4.900000000000000000e+03 7.443071967839706149e-01
4.910000000000000000e+03 7.440510786484840766e-01
4.920000000000000000e+03 7.438217711068845217e-01
4.930000000000000000e+03 7.436192659850811015e-01
4.940000000000000000e+03 7.434432276465947620e-01
4.950000000000000000e+03 7.432930608071597334e-01
4.960000000000000000e+03 7.431680098867412543e-01
4.970000000000000000e+03 7.430672771253682418e-01
4.980000000000000000e+03 7.429901470495245963e-01
4.990000000000000000e+03 7.429360981720921631e-01
5.000000000000000000e+03 7.429048799798209091e-01
5.010000000000000000e+03 7.428965382586129040e-01
5.020000000000000000e+03 7.429113777966910304e-01
5.030000000000000000e+03 7.429498670991224740e-01
5.040000000000000000e+03 7.430125048072234728e-01
5.050000000000000000e+03 7.430996694270910474e-01
5.060000000000000000e+03 7.432114784054641987e-01
5.070000000000000000e+03 7.433476792451730875e-01
5.080000000000000000e+03 7.435075892575203627e-01
5.090000000000000000e+03 7.436900911538999459e-01
5.100000000000000000e+03 7.438936788084693497e-01
5.110000000000000000e+03 7.441165373599063493e-01
5.120000000000000000e+03 7.443566412553841438e-01
5.130000000000000000e+03 7.446118549272413567e-01
5.140000000000000000e+03 7.448800157402628574e-01
5.150000000000000000e+03 7.451589866082337643e-01
5.160000000000000000e+03 7.454466801082360039e-01
5.170000000000000000e+03 7.457410644357507223e-01
5.180000000000000000e+03 7.460401652102188752e-01
5.190000000000000000e+03 7.463420768892023993e-01
5.200000000000000000e+03 7.466449941407421464e-01
5.210000000000000000e+03 7.469472667088374873e-01
5.220000000000000000e+03 7.472474724815934000e-01
5.230000000000000000e+03 7.475444976643161876e-01
5.240000000000000000e+03 7.478376070727457137e-01
5.250000000000000000e+03 7.481264844427740757e-01
5.260000000000000000e+03 7.484112273679289773e-01
5.270000000000000000e+03 7.486922889392130243e-01
5.280000000000000000e+03 7.489703667357591188e-01
5.290000000000000000e+03 7.492462506324408800e-01
5.300000000000000000e+03 7.495206442526500812e-01
5.310000000000000000e+03 7.497939833932951714e-01
5.320000000000000000e+03 7.500662762638936609e-01
5.330000000000000000e+03 7.503369894953210162e-01
5.340000000000000000e+03 7.506049978007544032e-01
5.350000000000000000e+03 7.508686069780067252e-01
5.360000000000000000e+03 7.511256501116374551e-01
5.370000000000000000e+03 7.513736467896673377e-01
5.380000000000000000e+03 7.516100081535540545e-01
5.390000000000000000e+03 7.518322638400428692e-01
5.400000000000000000e+03 7.520382819175286393e-01
5.410000000000000000e+03 7.522264540652855436e-01
5.420000000000000000e+03 7.523958219374096146e-01
5.430000000000000000e+03 7.525461307190526306e-01
5.440000000000000000e+03 7.526778097409219104e-01
5.450000000000000000e+03 7.527918846639078954e-01
5.460000000000000000e+03 7.528898314367562516e-01
5.470000000000000000e+03 7.529733936567363228e-01
5.480000000000000000e+03 7.530443880205278662e-01
5.490000000000000000e+03 7.531045166501048049e-01
5.500000000000000000e+03 7.531552067064515299e-01
5.510000000000000000e+03 7.531974944139957495e-01
5.520000000000000000e+03 7.532319598842580621e-01
5.530000000000000000e+03 7.532587114109534632e-01
5.540000000000000000e+03 7.532774136178255198e-01
5.550000000000000000e+03 7.532873549761960330e-01
5.560000000000000000e+03 7.532875433344053961e-01
5.570000000000000000e+03 7.532768049675331312e-01
5.580000000000000000e+03 7.532538807279843818e-01
5.590000000000000000e+03 7.532175195203737461e-01
5.600000000000000000e+03 7.531665551713101481e-01
5.610000000000000000e+03 7.530999634024051481e-01
5.620000000000000000e+03 7.530169033622242658e-01
5.630000000000000000e+03 7.529167477234808281e-01
5.640000000000000000e+03 7.527991056177480989e-01
5.650000000000000000e+03 7.526638447195210802e-01
5.660000000000000000e+03 7.525111119061101972e-01
5.670000000000000000e+03 7.523413489032583223e-01
5.680000000000000000e+03 7.521553022555785839e-01
5.690000000000000000e+03 7.519540220294945732e-01
5.700000000000000000e+03 7.517388403739238001e-01
5.710000000000000000e+03 7.515113291270756335e-01
5.720000000000000000e+03 7.512732432509255931e-01
5.730000000000000000e+03 7.510264537789773653e-01
5.740000000000000000e+03 7.507728756444468354e-01
5.750000000000000000e+03 7.505144045868727964e-01
5.760000000000000000e+03 7.502528722479806511e-01
5.770000000000000000e+03 7.499900219603761187e-01
5.780000000000000000e+03 7.497275046851924474e-01
5.790000000000000000e+03 7.494668962575934401e-01
5.800000000000000000e+03 7.492097247612201638e-01
5.810000000000000000e+03 7.489574786122742411e-01
5.820000000000000000e+03 7.487115990240695851e-01
5.830000000000000000e+03 7.484734540748803067e-01
5.840000000000000000e+03 7.482442946778666837e-01
5.850000000000000000e+03 7.480252020256826784e-01
5.860000000000000000e+03 7.478170527029476267e-01
5.870000000000000000e+03 7.476205119551582179e-01
5.880000000000000000e+03 7.474360560169904799e-01
5.890000000000000000e+03 7.472640266842693890e-01
5.900000000000000000e+03 7.471047087633628792e-01
5.910000000000000000e+03 7.469584128077227936e-01
5.920000000000000000e+03 7.468255425658198998e-01
5.930000000000000000e+03 7.467066338076600029e-01
5.940000000000000000e+03 7.466023624285780258e-01
5.950000000000000000e+03 7.465135226972309246e-01
5.960000000000000000e+03 7.464409856192937287e-01
5.970000000000000000e+03 7.463856552722346605e-01
5.980000000000000000e+03 7.463484363271493116e-01
5.990000000000000000e+03 7.463302179934738767e-01
6.000000000000000000e+03 7.463318712579837255e-01
6.010000000000000000e+03 7.463542501138893392e-01
6.020000000000000000e+03 7.463981849998214679e-01
6.030000000000000000e+03 7.464644587401064735e-01
6.040000000000000000e+03 7.465537613277739570e-01
6.050000000000000000e+03 7.466666275310157586e-01
6.060000000000000000e+03 7.468033678922215701e-01
6.070000000000000000e+03 7.469640065583409427e-01
6.080000000000000000e+03 7.471482380691537584e-01
6.090000000000000000e+03 7.473554104893429528e-01
6.100000000000000000e+03 7.475845362870593425e-01
6.110000000000000000e+03 7.478343267504609093e-01
6.120000000000000000e+03 7.481032419806196154e-01
6.130000000000000000e+03 7.483895469543158097e-01
6.140000000000000000e+03 7.486913653866111851e-01
6.150000000000000000e+03 7.490067270009216349e-01
6.160000000000000000e+03 7.493336083724134733e-01
6.170000000000000000e+03 7.496699705697276173e-01
6.180000000000000000e+03 7.500137968359714691e-01
6.190000000000000000e+03 7.503631311255166692e-01
6.200000000000000000e+03 7.507161162644439001e-01
6.210000000000000000e+03 7.510710290497376596e-01
6.220000000000000000e+03 7.514263089750585767e-01
6.230000000000000000e+03 7.517805771868505404e-01
6.240000000000000000e+03 7.521326424603723693e-01
6.250000000000000000e+03 7.524814921216141927e-01
6.260000000000000000e+03 7.528262675001368143e-01
6.270000000000000000e+03 7.531662251152302368e-01
6.280000000000000000e+03 7.535006868303478766e-01
6.290000000000000000e+03 7.538289844617205304e-01
6.300000000000000000e+03 7.541504061045394280e-01
6.310000000000000000e+03 7.544641522955018997e-01
6.320000000000000000e+03 7.547693094964517124e-01
6.330000000000000000e+03 7.550648468227880716e-01
6.340000000000000000e+03 7.553496392231856538e-01
6.350000000000000000e+03 7.556225154315711068e-01
6.360000000000000000e+03 7.558823236477481000e-01
6.370000000000000000e+03 7.561280042979819926e-01
6.380000000000000000e+03 7.563586578063338228e-01
6.390000000000000000e+03 7.565735959160831969e-01
6.400000000000000000e+03 7.567723678082358685e-01
6.410000000000000000e+03 7.569547566063382638e-01
6.420000000000000000e+03 7.571207468743864633e-01
6.430000000000000000e+03 7.572704691768301632e-01
6.440000000000000000e+03 7.574041325048613826e-01
6.450000000000000000e+03 7.575219574459696181e-01
6.460000000000000000e+03 7.576241216818219160e-01
6.470000000000000000e+03 7.577107262190847514e-01
6.480000000000000000e+03 7.577817864315116170e-01
6.490000000000000000e+03 7.578372467608235352e-01
6.500000000000000000e+03 7.578770135014456510e-01
6.510000000000000000e+03 7.579009972984315224e-01
6.520000000000000000e+03 7.579091574489459360e-01
6.530000000000000000e+03 7.579015422860192475e-01
6.540000000000000000e+03 7.578783207481646356e-01
6.550000000000000000e+03 7.578398012373502857e-01
6.560000000000000000e+03 7.577864362581905322e-01
6.570000000000000000e+03 7.577188133869100506e-01
6.580000000000000000e+03 7.576376346909623472e-01
6.590000000000000000e+03 7.575436877494891030e-01
6.600000000000000000e+03 7.574378121050180379e-01
6.610000000000000000e+03 7.573208664126924727e-01
6.620000000000000000e+03 7.571937016387294550e-01
6.630000000000000000e+03 7.570571423489835805e-01
6.640000000000000000e+03 7.569119739873901853e-01
6.650000000000000000e+03 7.567589310281266357e-01
6.660000000000000000e+03 7.565986801416076935e-01
6.670000000000000000e+03 7.564317953415314877e-01
6.680000000000000000e+03 7.562587263101998580e-01
6.690000000000000000e+03 7.560797650804921277e-01
6.700000000000000000e+03 7.558950194103183362e-01
6.710000000000000000e+03 7.557044020049032973e-01
6.720000000000000000e+03 7.555076444401203073e-01
6.730000000000000000e+03 7.553043432925384826e-01
6.740000000000000000e+03 7.550940401547633352e-01
6.750000000000000000e+03 7.548763282262525021e-01
6.760000000000000000e+03 7.546509704697350607e-01
6.770000000000000000e+03 7.544180095286593390e-01
6.780000000000000000e+03 7.541778492157881209e-01
6.790000000000000000e+03 7.539312915506943824e-01
6.800000000000000000e+03 7.536795204536468340e-01
6.810000000000000000e+03 7.534240308132394981e-01
6.820000000000000000e+03 7.531665112192571510e-01
6.830000000000000000e+03 7.529086990480470254e-01
6.840000000000000000e+03 7.526522321534443449e-01
6.850000000000000000e+03 7.523985197344696951e-01
6.860000000000000000e+03 7.521486497495643020e-01
6.870000000000000000e+03 7.519033440720942485e-01
6.880000000000000000e+03 7.516629646779003915e-01
6.890000000000000000e+03 7.514275675654292774e-01
6.900000000000000000e+03 7.511969952427617336e-01
6.910000000000000000e+03 7.509709942120468273e-01
6.920000000000000000e+03 7.507493434739996863e-01
6.930000000000000000e+03 7.505319808999636466e-01
6.940000000000000000e+03 7.503191140490607092e-01
6.950000000000000000e+03 7.501113029525074971e-01
6.960000000000000000e+03 7.499095045199614118e-01
6.970000000000000000e+03 7.497150718858901497e-01
6.980000000000000000e+03 7.495297080907347143e-01
6.990000000000000000e+03 7.493553780413622079e-01
7.000000000000000000e+03 7.491941866211025980e-01
7.010000000000000000e+03 7.490482363037089808e-01
7.020000000000000000e+03 7.489194819173843332e-01
7.030000000000000000e+03 7.488095995019803386e-01
7.040000000000000000e+03 7.487198826530740980e-01
7.050000000000000000e+03 7.486511771799464476e-01
7.060000000000000000e+03 7.486038585852555771e-01
7.070000000000000000e+03 7.485778493760665286e-01
7.080000000000000000e+03 7.485726679088458013e-01
7.090000000000000000e+03 7.485874984247909980e-01
7.100000000000000000e+03 7.486212727089750496e-01
7.110000000000000000e+03 7.486727544697339143e-01
7.120000000000000000e+03 7.487406183863728470e-01
7.130000000000000000e+03 7.488235180022870807e-01
7.140000000000000000e+03 7.489201390037071304e-01
7.150000000000000000e+03 7.490292372050484371e-01
7.160000000000000000e+03 7.491496618258902673e-01
7.170000000000000000e+03 7.492803658530948763e-01
7.180000000000000000e+03 7.494204074551548134e-01
7.190000000000000000e+03 7.495689466229954467e-01
7.200000000000000000e+03 7.497252403410661348e-01
7.210000000000000000e+03 7.498886395590274034e-01
7.220000000000000000e+03 7.500585914818639344e-01
7.230000000000000000e+03 7.502346471223411140e-01
7.240000000000000000e+03 7.504164703946183401e-01
7.250000000000000000e+03 7.506038443527603965e-01
7.260000000000000000e+03 7.507966704420363513e-01
7.270000000000000000e+03 7.509949545911941415e-01
7.280000000000000000e+03 7.511987744026864533e-01
7.290000000000000000e+03 7.514082288302447177e-01
7.300000000000000000e+03 7.516233766503329639e-01
7.310000000000000000e+03 7.518441705465533920e-01
7.320000000000000000e+03 7.520703962663675135e-01
7.330000000000000000e+03 7.523016284236681006e-01
7.340000000000000000e+03 7.525372119395544734e-01
7.350000000000000000e+03 7.527762724275064432e-01
7.360000000000000000e+03 7.530177541601469349e-01
7.370000000000000000e+03 7.532604789282404401e-01
7.380000000000000000e+03 7.535032132900697510e-01
7.390000000000000000e+03 7.537447308787319500e-01
7.400000000000000000e+03 7.539838552026146834e-01
7.410000000000000000e+03 7.542194709995680979e-01
7.420000000000000000e+03 7.544505031755723845e-01
7.430000000000000000e+03 7.546758721125005343e-01
7.440000000000000000e+03 7.548944398332759764e-01
7.450000000000000000e+03 7.551049641581842886e-01
7.460000000000000000e+03 7.553060783992684435e-01
7.470000000000000000e+03 7.554963112771880818e-01
7.480000000000000000e+03 7.556741541708036358e-01
7.490000000000000000e+03 7.558381718754705325e-01
7.500000000000000000e+03 7.559871400181349399e-01
7.510000000000000000e+03 7.561201821583939386e-01
7.520000000000000000e+03 7.562368805806214400e-01
7.530000000000000000e+03 7.563373390065910584e-01
7.540000000000000000e+03 7.564221813613108969e-01
7.550000000000000000e+03 7.564924816570797184e-01
7.560000000000000000e+03 7.565496339609453225e-01
7.570000000000000000e+03 7.565951835179630658e-01
7.580000000000000000e+03 7.566306444738517545e-01
7.590000000000000000e+03 7.566573296294673012e-01
7.600000000000000000e+03 7.566762163578789613e-01
7.610000000000000000e+03 7.566878653673965172e-01
7.620000000000000000e+03 7.566923964523595281e-01
7.630000000000000000e+03 7.566895188342036560e-01
7.640000000000000000e+03 7.566786100989553177e-01
7.650000000000000000e+03 7.566588327190814089e-01
7.660000000000000000e+03 7.566292733802008064e-01
7.670000000000000000e+03 7.565890917761269874e-01
7.680000000000000000e+03 7.565376669514750629e-01
7.690000000000000000e+03 7.564747208852635740e-01
7.700000000000000000e+03 7.564003936448173704e-01
7.710000000000000000e+03 7.563152550347046477e-01
7.720000000000000000e+03 7.562202545885037264e-01
7.730000000000000000e+03 7.561166222391559888e-01
7.740000000000000000e+03 7.560057371992294772e-01
7.750000000000000000e+03 7.558889894904293749e-01
7.760000000000000000e+03 7.557676572998077713e-01
7.770000000000000000e+03 7.556428159391007648e-01
7.780000000000000000e+03 7.555152884236890909e-01
7.790000000000000000e+03 7.553856383014270204e-01
7.800000000000000000e+03 7.552541955220685166e-01
7.810000000000000000e+03 7.551211034790582532e-01
7.820000000000000000e+03 7.549863734269122162e-01
7.830000000000000000e+03 7.548499332971859710e-01
7.840000000000000000e+03 7.547116670851615750e-01
7.850000000000000000e+03 7.545714468992978929e-01
7.860000000000000000e+03 7.544291581876995112e-01
7.870000000000000000e+03 7.542847213324341826e-01
7.880000000000000000e+03 7.541381152472735883e-01
7.890000000000000000e+03 7.539894049471080884e-01
7.900000000000000000e+03 7.538387722912280875e-01
7.910000000000000000e+03 7.536865443377757101e-01
7.920000000000000000e+03 7.535332110016984553e-01
7.930000000000000000e+03 7.533794282837376066e-01
7.940000000000000000e+03 7.532260096266166771e-01
7.950000000000000000e+03 7.530739100020811261e-01
7.960000000000000000e+03 7.529242041039804212e-01
7.970000000000000000e+03 7.527780557324512678e-01
7.980000000000000000e+03 7.526366778722741735e-01
7.990000000000000000e+03 7.525012872236094275e-01
8.000000000000000000e+03 7.523730545539156767e-01
8.010000000000000000e+03 7.522530518985883763e-01
8.020000000000000000e+03 7.521422032957820747e-01
8.030000000000000000e+03 7.520412465254423529e-01
8.040000000000000000e+03 7.519507091854444880e-01
8.050000000000000000e+03 7.518709007578531223e-01
8.060000000000000000e+03 7.518019233303531168e-01
8.070000000000000000e+03 7.517436998619549948e-01
8.080000000000000000e+03 7.516960100542453560e-01
8.090000000000000000e+03 7.516585270083513404e-01
8.100000000000000000e+03 7.516308526320651939e-01
8.110000000000000000e+03 7.516125470596000113e-01
8.120000000000000000e+03 7.516031531617616279e-01
8.130000000000000000e+03 7.516022215393836081e-01
8.140000000000000000e+03 7.516093353267538912e-01
8.150000000000000000e+03 7.516241379030190739e-01
8.160000000000000000e+03 7.516463722337657360e-01
8.170000000000000000e+03 7.516759325930512103e-01
8.180000000000000000e+03 7.517129191100103691e-01
8.190000000000000000e+03 7.517576818646107828e-01
8.200000000000000000e+03 7.518108418200101228e-01
8.210000000000000000e+03 7.518732802107124247e-01
8.220000000000000000e+03 7.519460906617688734e-01
8.230000000000000000e+03 7.520304962227761791e-01
8.240000000000000000e+03 7.521277422400477475e-01
8.250000000000000000e+03 7.522389789642742741e-01
8.260000000000000000e+03 7.523651486722843229e-01
8.270000000000000000e+03 7.525068904938160275e-01
8.280000000000000000e+03 7.526644710100769409e-01
8.290000000000000000e+03 7.528377447449137172e-01
8.300000000000000000e+03 7.530261442577423914e-01
8.310000000000000000e+03 7.532286990102868840e-01
8.320000000000000000e+03 7.534440827002850671e-01
8.330000000000000000e+03 7.536706814725072645e-01
8.340000000000000000e+03 7.539066745319504825e-01
8.350000000000000000e+03 7.541501225708309164e-01
8.360000000000000000e+03 7.543990569969951654e-01
8.370000000000000000e+03 7.546515605615172761e-01
8.380000000000000000e+03 7.549058331640634556e-01
8.390000000000000000e+03 7.551602418957519269e-01
8.400000000000000000e+03 7.554133509154734583e-01
8.410000000000000000e+03 7.556639264600459871e-01
8.420000000000000000e+03 7.559109168092600362e-01
8.430000000000000000e+03 7.561534113863046525e-01
8.440000000000000000e+03 7.563905935773848066e-01
8.450000000000000000e+03 7.566217042682994443e-01
8.460000000000000000e+03 7.568460240040528753e-01
8.470000000000000000e+03 7.570628739691297460e-01
8.480000000000000000e+03 7.572716360763915855e-01
8.490000000000000000e+03 7.574717881878020309e-01
8.500000000000000000e+03 7.576629415092377418e-01
8.510000000000000000e+03 7.578448644144641921e-01
8.520000000000000000e+03 7.580174792148989260e-01
8.530000000000000000e+03 7.581808239971072894e-01
8.540000000000000000e+03 7.583349794345052297e-01
8.550000000000000000e+03 7.584799690701548025e-01
8.560000000000000000e+03 7.586156465300554208e-01
8.570000000000000000e+03 7.587415868846799638e-01
8.580000000000000000e+03 7.588570077999445829e-01
8.590000000000000000e+03 7.589607452944151511e-01
8.600000000000000000e+03 7.590512933153671371e-01
8.610000000000000000e+03 7.591269091207839548e-01
8.620000000000000000e+03 7.591857792214491418e-01
8.630000000000000000e+03 7.592262184874583042e-01
8.640000000000000000e+03 7.592468674854603305e-01
8.650000000000000000e+03 7.592468633551464618e-01
8.660000000000000000e+03 7.592259604313840171e-01
8.670000000000000000e+03 7.591845733687005993e-01
8.680000000000000000e+03 7.591237289690286882e-01
8.690000000000000000e+03 7.590449359741583413e-01
8.700000000000000000e+03 7.589499935588954749e-01
8.710000000000000000e+03 7.588407651953330557e-01
8.720000000000000000e+03 7.587189501918998324e-01
8.730000000000000000e+03 7.585858854118903150e-01
8.740000000000000000e+03 7.584424097604783865e-01
8.750000000000000000e+03 7.582888174055310015e-01
8.760000000000000000e+03 7.581248988457691684e-01
8.770000000000000000e+03 7.579500496861519832e-01
8.780000000000000000e+03 7.577634253290612687e-01
8.790000000000000000e+03 7.575641181019607817e-01
8.800000000000000000e+03 7.573513294282649966e-01
8.810000000000000000e+03 7.571245084626126998e-01
8.820000000000000000e+03 7.568834318756124668e-01
8.830000000000000000e+03 7.566282161464307210e-01
8.840000000000000000e+03 7.563592712923229433e-01
8.850000000000000000e+03 7.560772129382336004e-01
8.860000000000000000e+03 7.557827537228450909e-01
8.870000000000000000e+03 7.554765948701063216e-01
8.880000000000000000e+03 7.551593381521141124e-01
8.890000000000000000e+03 7.548314408469576353e-01
8.900000000000000000e+03 7.544932320751061017e-01
8.910000000000000000e+03 7.541449842199324793e-01
8.920000000000000000e+03 7.537870147347464078e-01
8.930000000000000000e+03 7.534197983972212853e-01
8.940000000000000000e+03 7.530440781383744842e-01
8.950000000000000000e+03 7.526609599846363352e-01
8.960000000000000000e+03 7.522719691261205988e-01
8.970000000000000000e+03 7.518790474920373779e-01
8.980000000000000000e+03 7.514844879046550519e-01
8.990000000000000000e+03 7.510908179809887564e-01
9.000000000000000000e+03 7.507006601312631311e-01
9.010000000000000000e+03 7.503165899114233595e-01
9.020000000000000000e+03 7.499410089209237462e-01
9.030000000000000000e+03 7.495760505894004666e-01
9.040000000000000000e+03 7.492235345828859305e-01
9.050000000000000000e+03 7.488849784570842383e-01
9.060000000000000000e+03 7.485616573667928098e-01
9.070000000000000000e+03 7.482546866803907459e-01
9.080000000000000000e+03 7.479651104132357675e-01
9.090000000000000000e+03 7.476939871219324685e-01
9.100000000000000000e+03 7.474424596935065335e-01
9.110000000000000000e+03 7.472117958529111981e-01
9.120000000000000000e+03 7.470033942211617983e-01
9.130000000000000000e+03 7.468187567092036128e-01
9.140000000000000000e+03 7.466594348507619161e-01
9.150000000000000000e+03 7.465269568448311688e-01
9.160000000000000000e+03 7.464227393842226554e-01
9.170000000000000000e+03 7.463479932314107668e-01
9.180000000000000000e+03 7.463036336650714642e-01
9.190000000000000000e+03 7.462902020190813612e-01
9.200000000000000000e+03 7.463078012854622578e-01
9.210000000000000000e+03 7.463560532732614883e-01
9.220000000000000000e+03 7.464340907911287681e-01
9.230000000000000000e+03 7.465405924892382084e-01
9.240000000000000000e+03 7.466738514371743518e-01
9.250000000000000000e+03 7.468318629490994232e-01
9.260000000000000000e+03 7.470124245807093777e-01
9.270000000000000000e+03 7.472132449247331776e-01
9.280000000000000000e+03 7.474320525439199780e-01
9.290000000000000000e+03 7.476666937249207834e-01
9.300000000000000000e+03 7.479152098926544756e-01
9.310000000000000000e+03 7.481758887145572023e-01
9.320000000000000000e+03 7.484472817651066645e-01
9.330000000000000000e+03 7.487281891077228746e-01
9.340000000000000000e+03 7.490176200205947987e-01
9.350000000000000000e+03 7.493147383546346907e-01
9.360000000000000000e+03 7.496187972119688903e-01
9.370000000000000000e+03 7.499290710480128741e-01
9.380000000000000000e+03 7.502447863201883171e-01
9.390000000000000000e+03 7.505650428851092792e-01
9.400000000000000000e+03 7.508887324462577562e-01
9.410000000000000000e+03 7.512144745191222661e-01
9.420000000000000000e+03 7.515405858710734188e-01
9.430000000000000000e+03 7.518650909851887221e-01
9.440000000000000000e+03 7.521857778901351876e-01
9.450000000000000000e+03 7.525002902346574762e-01
9.460000000000000000e+03 7.528062372028385685e-01
9.470000000000000000e+03 7.531013128119573574e-01
9.480000000000000000e+03 7.533834176223539458e-01
9.490000000000000000e+03 7.536507631464771650e-01
9.500000000000000000e+03 7.539019367202157706e-01
9.510000000000000000e+03 7.541359193648661252e-01
9.520000000000000000e+03 7.543520616670623680e-01
9.530000000000000000e+03 7.545500261953884680e-01
9.540000000000000000e+03 7.547297071500956855e-01
9.550000000000000000e+03 7.548911386260115375e-01
9.560000000000000000e+03 7.550344067836670670e-01
9.570000000000000000e+03 7.551595803269607332e-01
9.580000000000000000e+03 7.552666578445922374e-01
9.590000000000000000e+03 7.553555243080048998e-01
9.600000000000000000e+03 7.554259177208636489e-01
9.610000000000000000e+03 7.554774066399562171e-01
9.620000000000000000e+03 7.555093760148066107e-01
9.630000000000000000e+03 7.555210187906882258e-01
9.640000000000000000e+03 7.555113343651314040e-01
9.650000000000000000e+03 7.554791375993764602e-01
9.660000000000000000e+03 7.554230809009339076e-01
9.670000000000000000e+03 7.553416959785002049e-01
9.680000000000000000e+03 7.552334720767401866e-01
9.690000000000000000e+03 7.550969789853781977e-01
9.700000000000000000e+03 7.549310261732835592e-01
9.710000000000000000e+03 7.547348359783219163e-01
9.720000000000000000e+03 7.545082008351543523e-01
9.730000000000000000e+03 7.542516011101156881e-01
9.740000000000000000e+03 7.539662652969331136e-01
9.750000000000000000e+03 7.536541552405033872e-01
9.760000000000000000e+03 7.533178745350712635e-01
9.770000000000000000e+03 7.529605182623023696e-01
9.780000000000000000e+03 7.525854864628401808e-01
9.790000000000000000e+03 7.521962857876866027e-01
9.800000000000000000e+03 7.517963449747503413e-01
9.810000000000000000e+03 7.513888623587433591e-01
9.820000000000000000e+03 7.509767002852433260e-01
9.830000000000000000e+03 7.505623383809414406e-01
9.840000000000000000e+03 7.501478873134461711e-01
9.850000000000000000e+03 7.497351536035199437e-01
9.860000000000000000e+03 7.493257420005572378e-01
9.870000000000000000e+03 7.489211783390175015e-01
9.880000000000000000e+03 7.485230255884481876e-01
9.890000000000000000e+03 7.481329735873613052e-01
9.900000000000000000e+03 7.477528969057936070e-01
9.910000000000000000e+03 7.473848787475647626e-01
9.920000000000000000e+03 7.470312025901647557e-01
9.930000000000000000e+03 7.466943149460606444e-01
9.940000000000000000e+03 7.463767703793856567e-01
9.950000000000000000e+03 7.460811810939236288e-01
9.960000000000000000e+03 7.458101835707245941e-01
9.970000000000000000e+03 7.455664235033132581e-01
9.980000000000000000e+03 7.453525636683624445e-01
9.990000000000000000e+03 7.451713083386769521e-01
1.000000000000000000e+04 7.450254181196164227e-01
