Time	Population
0.000000000000000000e+00 4.439003142259060897e-01
1.000000000000000000e+01 4.435370560021306696e-01
2.000000000000000000e+01 4.424504438452857569e-01
3.000000000000000000e+01 4.406534278641824898e-01
4.000000000000000000e+01 4.381669457933247691e-01
5.000000000000000000e+01 4.350197758395327186e-01
6.000000000000000000e+01 4.312477792988753666e-01
7.000000000000000000e+01 4.268931758763700457e-01
8.000000000000000000e+01 4.220037155728051381e-01
9.000000000000000000e+01 4.166318007953302982e-01
1.000000000000000000e+02 4.108336078026993410e-01
1.100000000000000000e+02 4.046682483594339352e-01
1.200000000000000000e+02 3.981969758501026080e-01
1.300000000000000000e+02 3.914824400615935507e-01
1.400000000000000000e+02 3.845879679463822809e-01
1.500000000000000000e+02 3.775768229354656835e-01
1.600000000000000000e+02 3.705114458040404957e-01
1.700000000000000000e+02 3.634526488927242727e-01
1.800000000000000000e+02 3.564587765507525874e-01
1.900000000000000000e+02 3.495848618271428787e-01
2.000000000000000000e+02 3.428818228811081337e-01
2.100000000000000000e+02 3.363957248607351569e-01
2.200000000000000000e+02 3.301671745545203263e-01
2.300000000000000000e+02 3.242308463994875711e-01
2.400000000000000000e+02 3.186151811238625564e-01
2.500000000000000000e+02 3.133422452088061028e-01
2.600000000000000000e+02 3.084277553301748576e-01
2.700000000000000000e+02 3.038812381601179724e-01
2.800000000000000000e+02 2.997063111834292748e-01
2.900000000000000000e+02 2.959010530418268448e-01
3.000000000000000000e+02 2.924584346942407098e-01
3.100000000000000000e+02 2.893667982688445384e-01
3.200000000000000000e+02 2.866103552070372595e-01
3.300000000000000000e+02 2.841696924869349106e-01
3.400000000000000000e+02 2.820222904459563362e-01
3.500000000000000000e+02 2.801430471552953660e-01
3.600000000000000000e+02 2.785048074096554416e-01
3.700000000000000000e+02 2.770788781497635633e-01
3.800000000000000000e+02 2.758355301256262826e-01
3.900000000000000000e+02 2.747445088864604035e-01
4.000000000000000000e+02 2.737755399053765637e-01
4.100000000000000000e+02 2.728987920025799929e-01
4.200000000000000000e+02 2.720853361222433930e-01
4.300000000000000000e+02 2.713075279470454904e-01
4.400000000000000000e+02 2.705393479141108282e-01
4.500000000000000000e+02 2.697566696087004279e-01
4.600000000000000000e+02 2.689374553576843740e-01
4.700000000000000000e+02 2.680618857637789842e-01
4.800000000000000000e+02 2.671123883908049779e-01
4.900000000000000000e+02 2.660736003789384574e-01
5.000000000000000000e+02 2.649322667558267619e-01
5.100000000000000000e+02 2.636770685185959584e-01
5.200000000000000000e+02 2.622984315368477315e-01
5.300000000000000000e+02 2.607883247455545228e-01
5.400000000000000000e+02 2.591400240158320822e-01
5.500000000000000000e+02 2.573479038773814342e-01
5.600000000000000000e+02 2.554072333942081219e-01
5.700000000000000000e+02 2.533140283636882151e-01
5.800000000000000000e+02 2.510649443166161343e-01
5.900000000000000000e+02 2.486571982773458922e-01
6.000000000000000000e+02 2.460885490959450195e-01
6.100000000000000000e+02 2.433573293823443062e-01
6.200000000000000000e+02 2.404625151547960804e-01
6.300000000000000000e+02 2.374038350519282747e-01
6.400000000000000000e+02 2.341819074958690905e-01
6.500000000000000000e+02 2.307983943580962649e-01
6.600000000000000000e+02 2.272561177189097725e-01
6.700000000000000000e+02 2.235591882965987098e-01
6.800000000000000000e+02 2.197131302913564732e-01
6.900000000000000000e+02 2.157249418041863875e-01
7.000000000000000000e+02 2.116031274576278265e-01
7.100000000000000000e+02 2.073576920803048840e-01
7.200000000000000000e+02 2.030000860527962636e-01
7.300000000000000000e+02 1.985430966274968345e-01
7.400000000000000000e+02 1.940006991567706229e-01
7.500000000000000000e+02 1.893878785084071315e-01
7.600000000000000000e+02 1.847204216924107356e-01
7.700000000000000000e+02 1.800146952145940393e-01
7.800000000000000000e+02 1.752874192914226359e-01
7.900000000000000000e+02 1.705554319088450899e-01
8.000000000000000000e+02 1.658354548424036679e-01
8.100000000000000000e+02 1.611438871901718917e-01
8.200000000000000000e+02 1.564966301460167242e-01
8.300000000000000000e+02 1.519089249477193482e-01
8.400000000000000000e+02 1.473952276200134748e-01
8.500000000000000000e+02 1.429691337880069635e-01
8.600000000000000000e+02 1.386433447306005262e-01
8.700000000000000000e+02 1.344296328910914717e-01
8.800000000000000000e+02 1.303388383085258007e-01
8.900000000000000000e+02 1.263808964510043098e-01
9.000000000000000000e+02 1.225648690040243571e-01
9.100000000000000000e+02 1.188989804882885082e-01
9.200000000000000000e+02 1.153906451026652930e-01
9.300000000000000000e+02 1.120464709994118124e-01
9.400000000000000000e+02 1.088722406183479097e-01
9.500000000000000000e+02 1.058728778802356663e-01
9.600000000000000000e+02 1.030523958887271663e-01
9.700000000000000000e+02 1.004138227276510920e-01
9.800000000000000000e+02 9.795912424861323575e-02
9.900000000000000000e+02 9.568912724967502947e-02
1.000000000000000000e+03 9.360344844147751309e-02
1.010000000000000000e+03 9.170043506114912424e-02
1.020000000000000000e+03 8.997713642088360497e-02
1.030000000000000000e+03 8.842931234148314334e-02
1.040000000000000000e+03 8.705147813052784012e-02
1.050000000000000000e+03 8.583698163822223171e-02
1.060000000000000000e+03 8.477810850098259354e-02
1.070000000000000000e+03 8.386622322309295052e-02
1.080000000000000000e+03 8.309193898963816716e-02
1.090000000000000000e+03 8.244530392179726108e-02
1.100000000000000000e+03 8.191599253009906878e-02
1.110000000000000000e+03 8.149349576606729206e-02
1.120000000000000000e+03 8.116730977582635453e-02
1.130000000000000000e+03 8.092710610859225884e-02
1.140000000000000000e+03 8.076287308334620385e-02
1.150000000000000000e+03 8.066503370059860401e-02
1.160000000000000000e+03 8.062453873389101300e-02
1.170000000000000000e+03 8.063293104393016997e-02
1.180000000000000000e+03 8.068238421611249878e-02
1.190000000000000000e+03 8.076572205010884575e-02
1.200000000000000000e+03 8.087640790199834839e-02
1.210000000000000000e+03 8.100851495748319364e-02
1.220000000000000000e+03 8.115669370706675434e-02
1.230000000000000000e+03 8.131612832467005614e-02
1.240000000000000000e+03 8.148247976075455312e-02
1.250000000000000000e+03 8.165182330339885997e-02
1.260000000000000000e+03 8.182058769737406145e-02
1.270000000000000000e+03 8.198549611435357320e-02
1.280000000000000000e+03 8.214350411078526204e-02
1.290000000000000000e+03 8.229173352153594523e-02
1.300000000000000000e+03 8.242740310022879380e-02
1.310000000000000000e+03 8.254776356851409314e-02
1.320000000000000000e+03 8.265004006836616790e-02
1.330000000000000000e+03 8.273137476885712716e-02
1.340000000000000000e+03 8.278877089783338861e-02
1.350000000000000000e+03 8.281904651711384513e-02
1.360000000000000000e+03 8.281879746950354670e-02
1.370000000000000000e+03 8.278437076749130263e-02
1.380000000000000000e+03 8.271186103811163648e-02
1.390000000000000000e+03 8.259712921856858514e-02
1.400000000000000000e+03 8.243583877574431340e-02
1.410000000000000000e+03 8.222351457955565102e-02
1.420000000000000000e+03 8.195562989948883270e-02
1.430000000000000000e+03 8.162771279444723527e-02
1.440000000000000000e+03 8.123546053209880491e-02
1.450000000000000000e+03 8.077486915233522691e-02
1.460000000000000000e+03 8.024236873495185773e-02
1.470000000000000000e+03 7.963496286724060236e-02
1.480000000000000000e+03 7.895036620582004949e-02
1.490000000000000000e+03 7.818712245516919179e-02
1.500000000000000000e+03 7.734469948691341523e-02
1.510000000000000000e+03 7.642356685226139867e-02
1.520000000000000000e+03 7.542525299115447612e-02
1.530000000000000000e+03 7.435238035019418879e-02
1.540000000000000000e+03 7.320867543392770016e-02
1.550000000000000000e+03 7.199895151862073517e-02
1.560000000000000000e+03 7.072906613711991974e-02
1.570000000000000000e+03 6.940585504494951874e-02
1.580000000000000000e+03 6.803704214263471550e-02
1.590000000000000000e+03 6.663112736422219240e-02
1.600000000000000000e+03 6.519725419815916578e-02
1.610000000000000000e+03 6.374506190699825992e-02
1.620000000000000000e+03 6.228452850646437611e-02
1.630000000000000000e+03 6.082580404864693091e-02
1.640000000000000000e+03 5.937903922299375692e-02
1.650000000000000000e+03 5.795421687100164171e-02
1.660000000000000000e+03 5.656098858860340861e-02
1.670000000000000000e+03 5.520852165807383499e-02
1.680000000000000000e+03 5.390536509901245471e-02
1.690000000000000000e+03 5.265934290059143957e-02
1.700000000000000000e+03 5.147747433971767289e-02
1.710000000000000000e+03 5.036591808930388631e-02
1.720000000000000000e+03 4.932993901905207562e-02
1.730000000000000000e+03 4.837389804717685815e-02
1.740000000000000000e+03 4.750126480522382649e-02
1.750000000000000000e+03 4.671464541473457216e-02
1.760000000000000000e+03 4.601581790029703883e-02
1.770000000000000000e+03 4.540577327998052137e-02
1.780000000000000000e+03 4.488476027079919134e-02
1.790000000000000000e+03 4.445232930215083089e-02
1.800000000000000000e+03 4.410737834615766073e-02
1.810000000000000000e+03 4.384820481150718263e-02
1.820000000000000000e+03 4.367256191518285174e-02
1.830000000000000000e+03 4.357771540447607367e-02
1.840000000000000000e+03 4.356049768014495088e-02
1.850000000000000000e+03 4.361736027931742421e-02
1.860000000000000000e+03 4.374442636375524412e-02
1.870000000000000000e+03 4.393754437338830143e-02
1.880000000000000000e+03 4.419233999992107365e-02
1.890000000000000000e+03 4.450425978657624598e-02
1.900000000000000000e+03 4.486860863951640244e-02
1.910000000000000000e+03 4.528058409231432158e-02
1.920000000000000000e+03 4.573530574665887055e-02
1.930000000000000000e+03 4.622784175772162718e-02
1.940000000000000000e+03 4.675323359879597629e-02
1.950000000000000000e+03 4.730652025075143818e-02
1.960000000000000000e+03 4.788276333359425124e-02
1.970000000000000000e+03 4.847707302195829182e-02
1.980000000000000000e+03 4.908463424247311302e-02
1.990000000000000000e+03 4.970073343217631945e-02
2.000000000000000000e+03 5.032078384139566235e-02
2.010000000000000000e+03 5.094034624957054919e-02
2.020000000000000000e+03 5.155514362592402561e-02
2.030000000000000000e+03 5.216106848868150292e-02
2.040000000000000000e+03 5.275418666226307229e-02
2.050000000000000000e+03 5.333074163296454978e-02
2.060000000000000000e+03 5.388715766438163801e-02
2.070000000000000000e+03 5.442003885626967019e-02
2.080000000000000000e+03 5.492616709538891695e-02
2.090000000000000000e+03 5.540250317082429099e-02
2.100000000000000000e+03 5.584619103218053937e-02
2.110000000000000000e+03 5.625456141299329388e-02
2.120000000000000000e+03 5.662513175159987477e-02
2.130000000000000000e+03 5.695560027874763814e-02
2.140000000000000000e+03 5.724383366704503123e-02
2.150000000000000000e+03 5.748784837827745214e-02
2.160000000000000000e+03 5.768578621970636006e-02
2.170000000000000000e+03 5.783588784294275975e-02
2.180000000000000000e+03 5.793646869931802501e-02
2.190000000000000000e+03 5.798590213454356268e-02
2.200000000000000000e+03 5.798261208574259640e-02
2.210000000000000000e+03 5.792507660581924789e-02
2.220000000000000000e+03 5.781184507816523876e-02
2.230000000000000000e+03 5.764157085310648437e-02
2.240000000000000000e+03 5.741305893029612778e-02
2.250000000000000000e+03 5.712532637376709771e-02
2.260000000000000000e+03 5.677767193071441704e-02
2.270000000000000000e+03 5.636975194840661285e-02
2.280000000000000000e+03 5.590166046033743369e-02
2.290000000000000000e+03 5.537401059783911977e-02
2.300000000000000000e+03 5.478801086908605122e-02
2.310000000000000000e+03 5.414553049725741307e-02
2.320000000000000000e+03 5.344915021615237460e-02
2.330000000000000000e+03 5.270219434419597115e-02
2.340000000000000000e+03 5.190874055207786442e-02
2.350000000000000000e+03 5.107360521940680631e-02
2.360000000000000000e+03 5.020230408651072534e-02
2.370000000000000000e+03 4.930098826608739909e-02
2.380000000000000000e+03 4.837635560780043087e-02
2.390000000000000000e+03 4.743553995155272429e-02
2.400000000000000000e+03 4.648598139505200760e-02
2.410000000000000000e+03 4.553528110955139263e-02
2.420000000000000000e+03 4.459104673352847631e-02
2.430000000000000000e+03 4.366073537248311293e-02
2.440000000000000000e+03 4.275150092894006160e-02
2.450000000000000000e+03 4.187005277311657558e-02
2.460000000000000000e+03 4.102253232823702828e-02
2.470000000000000000e+03 4.021441280476314301e-02
2.480000000000000000e+03 3.945042531146233239e-02
2.490000000000000000e+03 3.873451311588825552e-02
2.500000000000000000e+03 3.806981605981054478e-02
2.510000000000000000e+03 3.745868523991930515e-02
2.520000000000000000e+03 3.690272327461601581e-02
2.530000000000000000e+03 3.640284375536663453e-02
2.540000000000000000e+03 3.595934574480192519e-02
2.550000000000000000e+03 3.557199880457461577e-02
2.560000000000000000e+03 3.524013318259918565e-02
2.570000000000000000e+03 3.496272999929572745e-02
2.580000000000000000e+03 3.473850629624018749e-02
2.590000000000000000e+03 3.456598993439300577e-02
2.600000000000000000e+03 3.444358083827228634e-02
2.610000000000000000e+03 3.436959808900201530e-02
2.620000000000000000e+03 3.434231435876050620e-02
2.630000000000000000e+03 3.435997937888231324e-02
2.640000000000000000e+03 3.442083537973603113e-02
2.650000000000000000e+03 3.452312870365925601e-02
2.660000000000000000e+03 3.466511859089217024e-02
2.670000000000000000e+03 3.484508384525956265e-02
2.680000000000000000e+03 3.506132838154517317e-02
2.690000000000000000e+03 3.531218592242758858e-02
2.700000000000000000e+03 3.559602387513657873e-02
2.710000000000000000e+03 3.591124574928626634e-02
2.720000000000000000e+03 3.625629062158226834e-02
2.730000000000000000e+03 3.662962917615374125e-02
2.740000000000000000e+03 3.702975783020422129e-02
2.750000000000000000e+03 3.745519319282401838e-02
2.760000000000000000e+03 3.790446819983964849e-02
2.770000000000000000e+03 3.837612992163157155e-02
2.780000000000000000e+03 3.886873888899304574e-02
2.790000000000000000e+03 3.938087012919923302e-02
2.800000000000000000e+03 3.991111528183591273e-02
2.810000000000000000e+03 4.045808450120844113e-02
2.820000000000000000e+03 4.102040585504779929e-02
2.830000000000000000e+03 4.159672021813420884e-02
2.840000000000000000e+03 4.218567133715393769e-02
2.850000000000000000e+03 4.278589166237194846e-02
2.860000000000000000e+03 4.339598579747207946e-02
2.870000000000000000e+03 4.401451311311768699e-02
2.880000000000000000e+03 4.463997013463481822e-02
2.890000000000000000e+03 4.527077286631073921e-02
2.900000000000000000e+03 4.590523933120804062e-02
2.910000000000000000e+03 4.654157333283051590e-02
2.920000000000000000e+03 4.717784887216953243e-02
2.930000000000000000e+03 4.781199323922284000e-02
2.940000000000000000e+03 4.844176766777109899e-02
2.950000000000000000e+03 4.906474632071783359e-02
2.960000000000000000e+03 4.967829537546758489e-02
2.970000000000000000e+03 5.027955300231257141e-02
2.980000000000000000e+03 5.086541216590590581e-02
2.990000000000000000e+03 5.143250929629000073e-02
3.000000000000000000e+03 5.197722231663460396e-02
3.010000000000000000e+03 5.249568013360246532e-02
3.020000000000000000e+03 5.298378355787303901e-02
3.030000000000000000e+03 5.343723692285788640e-02
3.040000000000000000e+03 5.385159033689457947e-02
3.050000000000000000e+03 5.422229279155010156e-02
3.060000000000000000e+03 5.454475509874009975e-02
3.070000000000000000e+03 5.481442138319165408e-02
3.080000000000000000e+03 5.502684776182135973e-02
3.090000000000000000e+03 5.517778660238906868e-02
3.100000000000000000e+03 5.526327491618390070e-02
3.110000000000000000e+03 5.527972526699476835e-02
3.120000000000000000e+03 5.522401688824228605e-02
3.130000000000000000e+03 5.509358446252914793e-02
3.140000000000000000e+03 5.488650289517846975e-02
3.150000000000000000e+03 5.460156665664465947e-02
3.160000000000000000e+03 5.423836023944536566e-02
3.170000000000000000e+03 5.379731644938321594e-02
3.180000000000000000e+03 5.327976140651425468e-02
3.190000000000000000e+03 5.268794490086715215e-02
3.200000000000000000e+03 5.202505330161454056e-02
3.210000000000000000e+03 5.129520195499846086e-02
3.220000000000000000e+03 5.050340590707706745e-02
3.230000000000000000e+03 4.965552898084447248e-02
3.240000000000000000e+03 4.875821095636091035e-02
3.250000000000000000e+03 4.781877264460974997e-02
3.260000000000000000e+03 4.684510070982200736e-02
3.270000000000000000e+03 4.584551565961001579e-02
3.280000000000000000e+03 4.482862735587590797e-02
3.290000000000000000e+03 4.380318344139744191e-02
3.300000000000000000e+03 4.277791691160051646e-02
3.310000000000000000e+03 4.176139840538667380e-02
3.320000000000000000e+03 4.076189697579479798e-02
3.330000000000000000e+03 3.978725312816517451e-02
3.340000000000000000e+03 3.884476628852442937e-02
3.350000000000000000e+03 3.794109705423023837e-02
3.360000000000000000e+03 3.708218472915877917e-02
3.370000000000000000e+03 3.627318079976091236e-02
3.380000000000000000e+03 3.551840014794413469e-02
3.390000000000000000e+03 3.482129035957462482e-02
3.400000000000000000e+03 3.418442062097896278e-02
3.410000000000000000e+03 3.360949212987292267e-02
3.420000000000000000e+03 3.309737059206463439e-02
3.430000000000000000e+03 3.264813865691099104e-02
3.440000000000000000e+03 3.226117000209646063e-02
3.450000000000000000e+03 3.193522254259475307e-02
3.460000000000000000e+03 3.166854461487420003e-02
3.470000000000000000e+03 3.145898742712629342e-02
3.480000000000000000e+03 3.130411933451927170e-02
3.490000000000000000e+03 3.120133652862967094e-02
3.500000000000000000e+03 3.114796252634206147e-02
3.510000000000000000e+03 3.114133359933302439e-02
3.520000000000000000e+03 3.117886928885579487e-02
3.530000000000000000e+03 3.125812186480299293e-02
3.540000000000000000e+03 3.137680717429824906e-02
3.550000000000000000e+03 3.153281845209625345e-02
3.560000000000000000e+03 3.172422690952032137e-02
3.570000000000000000e+03 3.194927503138656616e-02
3.580000000000000000e+03 3.220636415432012040e-02
3.590000000000000000e+03 3.249404113133205069e-02
3.600000000000000000e+03 3.281098454576119455e-02
3.610000000000000000e+03 3.315599185244180042e-02
3.620000000000000000e+03 3.352796922051603373e-02
3.630000000000000000e+03 3.392592196510819252e-02
3.640000000000000000e+03 3.434894387331274140e-02
3.650000000000000000e+03 3.479620530602133693e-02
3.660000000000000000e+03 3.526693871936936731e-02
3.670000000000000000e+03 3.576042029685024687e-02
3.680000000000000000e+03 3.627594894948981546e-02
3.690000000000000000e+03 3.681282302221586950e-02
3.700000000000000000e+03 3.737031520143137969e-02
3.710000000000000000e+03 3.794764599411232925e-02
3.720000000000000000e+03 3.854395423284568550e-02
3.730000000000000000e+03 3.915826450857241847e-02
3.740000000000000000e+03 3.978945206741343887e-02
3.750000000000000000e+03 4.043620468502814869e-02
3.760000000000000000e+03 4.109698196451491703e-02
3.770000000000000000e+03 4.176997519246002100e-02
3.780000000000000000e+03 4.245307074376717532e-02
3.790000000000000000e+03 4.314382034835226309e-02
3.800000000000000000e+03 4.383942301198173741e-02
3.810000000000000000e+03 4.453672211242262757e-02
3.820000000000000000e+03 4.523221867179499228e-02
3.830000000000000000e+03 4.592210066985056433e-02
3.840000000000000000e+03 4.660228851945925205e-02
3.850000000000000000e+03 4.726849458509525120e-02
3.860000000000000000e+03 4.791629361339434096e-02
3.870000000000000000e+03 4.854120062557798487e-02
3.880000000000000000e+03 4.913874996830515374e-02
3.890000000000000000e+03 4.970457208981424874e-02
3.900000000000000000e+03 5.023446494346870544e-02
3.910000000000000000e+03 5.072445739124042952e-02
3.920000000000000000e+03 5.117086290890439371e-02
3.930000000000000000e+03 5.157032402098186974e-02
3.940000000000000000e+03 5.191985042879170009e-02
3.950000000000000000e+03 5.221685390814590627e-02
3.960000000000000000e+03 5.245918155496823859e-02
3.970000000000000000e+03 5.264514841264033435e-02
3.980000000000000000e+03 5.277357077482292685e-02
3.990000000000000000e+03 5.284380081193488371e-02
4.000000000000000000e+03 5.285575981016799735e-02
4.010000000000000000e+03 5.280996498131271255e-02
4.020000000000000000e+03 5.270754672066670782e-02
4.030000000000000000e+03 5.255025420112405254e-02
4.040000000000000000e+03 5.234044603771244308e-02
4.050000000000000000e+03 5.208106332358489882e-02
4.060000000000000000e+03 5.177558506560456242e-02
4.070000000000000000e+03 5.142796829303923623e-02
4.080000000000000000e+03 5.104257408276367813e-02
4.090000000000000000e+03 5.062408218713529418e-02
4.100000000000000000e+03 5.017739814472023385e-02
4.110000000000000000e+03 4.970755430280287407e-02
4.120000000000000000e+03 4.921960798220594013e-02
4.130000000000000000e+03 4.871854234117881099e-02
4.140000000000000000e+03 4.820917272803173365e-02
4.150000000000000000e+03 4.769606027103012041e-02
4.160000000000000000e+03 4.718343535854326032e-02
4.170000000000000000e+03 4.667513322355044264e-02
4.180000000000000000e+03 4.617454518933752222e-02
4.190000000000000000e+03 4.568458831710038581e-02
4.200000000000000000e+03 4.520768878503676758e-02
4.210000000000000000e+03 4.474578243527208704e-02
4.220000000000000000e+03 4.430033437697396964e-02
4.230000000000000000e+03 4.387236950909367134e-02
4.240000000000000000e+03 4.346250976891403300e-02
4.250000000000000000e+03 4.307101673508990924e-02
4.260000000000000000e+03 4.269783761210421691e-02
4.270000000000000000e+03 4.234265400510537486e-02
4.280000000000000000e+03 4.200493371958791827e-02
4.290000000000000000e+03 4.168398476694015059e-02
4.300000000000000000e+03 4.137901477102922526e-02
4.310000000000000000e+03 4.108919268438227662e-02
4.320000000000000000e+03 4.081370921011263919e-02
4.330000000000000000e+03 4.055183200219288076e-02
4.340000000000000000e+03 4.030295133030518950e-02
4.350000000000000000e+03 4.006661583884574968e-02
4.360000000000000000e+03 3.984255386808123467e-02
4.370000000000000000e+03 3.963067584550027805e-02
4.380000000000000000e+03 3.943106123477635450e-02
4.390000000000000000e+03 3.924393269665926026e-02
4.400000000000000000e+03 3.906961907454724325e-02
4.410000000000000000e+03 3.890851213943122971e-02
4.420000000000000000e+03 3.876102265162637700e-02
4.430000000000000000e+03 3.862753992051915636e-02
4.440000000000000000e+03 3.850839711717550518e-02
4.450000000000000000e+03 3.840384370764109156e-02
4.460000000000000000e+03 3.831402570476760000e-02
4.470000000000000000e+03 3.823897217737871196e-02
4.480000000000000000e+03 3.817858535651931506e-02
4.490000000000000000e+03 3.813263260625104206e-02
4.500000000000000000e+03 3.810073943755396680e-02
4.510000000000000000e+03 3.808238182259025134e-02
4.520000000000000000e+03 3.807687729596174325e-02
4.530000000000000000e+03 3.808337601790362514e-02
4.540000000000000000e+03 3.810085341202680553e-02
4.550000000000000000e+03 3.812810811499556946e-02
4.560000000000000000e+03 3.816376576788521602e-02
4.570000000000000000e+03 3.820628814000710111e-02
4.580000000000000000e+03 3.825398879159993409e-02
4.590000000000000000e+03 3.830505599432923458e-02
4.600000000000000000e+03 3.835758281304241235e-02
4.610000000000000000e+03 3.840960355372712715e-02
4.620000000000000000e+03 3.845913450768316533e-02
4.630000000000000000e+03 3.850421651654429428e-02
4.640000000000000000e+03 3.854295802860206732e-02
4.650000000000000000e+03 3.857357644978445799e-02
4.660000000000000000e+03 3.859443563439780150e-02
4.670000000000000000e+03 3.860407914372491339e-02
4.680000000000000000e+03 3.860125922936068904e-02
4.690000000000000000e+03 3.858496209839797075e-02
4.700000000000000000e+03 3.855443050044950887e-02
4.710000000000000000e+03 3.850918497033332943e-02
4.720000000000000000e+03 3.844904434056934522e-02
4.730000000000000000e+03 3.837414445802656005e-02
4.740000000000000000e+03 3.828495236011347086e-02
4.750000000000000000e+03 3.818227240765426078e-02
4.760000000000000000e+03 3.806724093616949828e-02
4.770000000000000000e+03 3.794130635402885587e-02
4.780000000000000000e+03 3.780619309656418209e-02
4.790000000000000000e+03 3.766385023597589726e-02
4.800000000000000000e+03 3.751638802406667000e-02
4.810000000000000000e+03 3.736600735563748443e-02
4.820000000000000000e+03 3.721492843407980811e-02
4.830000000000000000e+03 3.706532488342580145e-02
4.840000000000000000e+03 3.691926825141296498e-02
4.850000000000000000e+03 3.677868600158621520e-02
4.860000000000000000e+03 3.664533400997927598e-02
4.870000000000000000e+03 3.652078221077762615e-02
4.880000000000000000e+03 3.640641032427915230e-02
4.890000000000000000e+03 3.630341001742112134e-02
4.900000000000000000e+03 3.621278994485602892e-02
4.910000000000000000e+03 3.613538076464169191e-02
4.920000000000000000e+03 3.607183856595929522e-02
4.930000000000000000e+03 3.602264678855750246e-02
4.940000000000000000e+03 3.598811720459949709e-02
4.950000000000000000e+03 3.596839013539826491e-02
4.960000000000000000e+03 3.596343455441321918e-02
4.970000000000000000e+03 3.597304979836895428e-02
4.980000000000000000e+03 3.599687052121077618e-02
4.990000000000000000e+03 3.603437622320806999e-02
5.000000000000000000e+03 3.608490692880223644e-02
5.010000000000000000e+03 3.614768613776100925e-02
5.020000000000000000e+03 3.622185093320473559e-02
5.030000000000000000e+03 3.630648877470685210e-02
5.040000000000000000e+03 3.640068017007642986e-02
5.050000000000000000e+03 3.650354486408047272e-02
5.060000000000000000e+03 3.661428768816267498e-02
5.070000000000000000e+03 3.673223964856766471e-02
5.080000000000000000e+03 3.685689065902593431e-02
5.090000000000000000e+03 3.698791014358496221e-02
5.100000000000000000e+03 3.712515269718335426e-02
5.110000000000000000e+03 3.726864792221052519e-02
5.120000000000000000e+03 3.741857556875704399e-02
5.130000000000000000e+03 3.757522931338911493e-02
5.140000000000000000e+03 3.773897343816996069e-02
5.150000000000000000e+03 3.791019735680198344e-02
5.160000000000000000e+03 3.808927374733540178e-02
5.170000000000000000e+03 3.827652573557938781e-02
5.180000000000000000e+03 3.847220716855849487e-02
5.190000000000000000e+03 3.867649718060840042e-02
5.200000000000000000e+03 3.888950789741187769e-02
5.210000000000000000e+03 3.911130245824435275e-02
5.220000000000000000e+03 3.934191866586152914e-02
5.230000000000000000e+03 3.958139336129957997e-02
5.240000000000000000e+03 3.982978345399990766e-02
5.250000000000000000e+03 4.008717964309300996e-02
5.260000000000000000e+03 4.035371031916048373e-02
5.270000000000000000e+03 4.062953522095665015e-02
5.280000000000000000e+03 4.091482949874047925e-02
5.290000000000000000e+03 4.120975923609333097e-02
5.300000000000000000e+03 4.151444984991142784e-02
5.310000000000000000e+03 4.182894871292062305e-02
5.320000000000000000e+03 4.215318279540966606e-02
5.330000000000000000e+03 4.248691287531571742e-02
5.340000000000000000e+03 4.282968692017964651e-02
5.350000000000000000e+03 4.318079573111392733e-02
5.360000000000000000e+03 4.353923370639178891e-02
5.370000000000000000e+03 4.390366753492919161e-02
5.380000000000000000e+03 4.427241574322023782e-02
5.390000000000000000e+03 4.464344134267828751e-02
5.400000000000000000e+03 4.501435845447081252e-02
5.410000000000000000e+03 4.538245280515411373e-02
5.420000000000000000e+03 4.574471492831365393e-02
5.430000000000000000e+03 4.609788421380181522e-02
5.440000000000000000e+03 4.643850153515696050e-02
5.450000000000000000e+03 4.676296689576960042e-02
5.460000000000000000e+03 4.706759851692597640e-02
5.470000000000000000e+03 4.734869155035158900e-02
5.480000000000000000e+03 4.760257431463708888e-02
5.490000000000000000e+03 4.782566257319935399e-02
5.500000000000000000e+03 4.801451447836321135e-02
5.510000000000000000e+03 4.816588690219251317e-02
5.520000000000000000e+03 4.827679438234701997e-02
5.530000000000000000e+03 4.834457108738489384e-02
5.540000000000000000e+03 4.836693448691913033e-02
5.550000000000000000e+03 4.834204951047564591e-02
5.560000000000000000e+03 4.826859028169376564e-02
5.570000000000000000e+03 4.814579516024711237e-02
5.580000000000000000e+03 4.797351116655479419e-02
5.590000000000000000e+03 4.775222480287106414e-02
5.600000000000000000e+03 4.748307627581825618e-02
5.610000000000000000e+03 4.716785388587010214e-02
5.620000000000000000e+03 4.680896716690310239e-02
5.630000000000000000e+03 4.640939883667884180e-02
5.640000000000000000e+03 4.597263713712560623e-02
5.650000000000000000e+03 4.550259245554528348e-02
5.660000000000000000e+03 4.500350237174916002e-02
5.670000000000000000e+03 4.447982853702044104e-02
5.680000000000000000e+03 4.393614912884744733e-02
5.690000000000000000e+03 4.337705334793412471e-02
5.700000000000000000e+03 4.280704395746764285e-02
5.710000000000000000e+03 4.223045104906834185e-02
5.720000000000000000e+03 4.165135982292324929e-02
5.730000000000000000e+03 4.107355519913735709e-02
5.740000000000000000e+03 4.050048402384077983e-02
5.750000000000000000e+03 3.993523247351331296e-02
5.760000000000000000e+03 3.938051536327918239e-02
5.770000000000000000e+03 3.883867652720733588e-02
5.780000000000000000e+03 3.831170025038530685e-02
5.790000000000000000e+03 3.780123241754416996e-02
5.800000000000000000e+03 3.730861060765220533e-02
5.810000000000000000e+03 3.683490228235049985e-02
5.820000000000000000e+03 3.638094815903517021e-02
5.830000000000000000e+03 3.594740627786491977e-02
5.840000000000000000e+03 3.553479217022104814e-02
5.850000000000000000e+03 3.514351121874395578e-02
5.860000000000000000e+03 3.477387887265811356e-02
5.870000000000000000e+03 3.442612520052044933e-02
5.880000000000000000e+03 3.410038412923713930e-02
5.890000000000000000e+03 3.379667153114238043e-02
5.900000000000000000e+03 3.351485820324020398e-02
5.910000000000000000e+03 3.325464508706639510e-02
5.920000000000000000e+03 3.301554855658582477e-02
5.930000000000000000e+03 3.279690207462287316e-02
5.940000000000000000e+03 3.259787811161220239e-02
5.950000000000000000e+03 3.241753107096144448e-02
5.960000000000000000e+03 3.225485784342023432e-02
5.970000000000000000e+03 3.210886915597267743e-02
5.980000000000000000e+03 3.197866315152104316e-02
5.990000000000000000e+03 3.186349200756283945e-02
6.000000000000000000e+03 3.176281240706132353e-02
6.010000000000000000e+03 3.167631205771791192e-02
6.020000000000000000e+03 3.160390759728423649e-02
6.030000000000000000e+03 3.154571351282689506e-02
6.040000000000000000e+03 3.150198618062747397e-02
6.050000000000000000e+03 3.147305049761926071e-02
6.060000000000000000e+03 3.145921839896054228e-02
6.070000000000000000e+03 3.146070955190406748e-02
6.080000000000000000e+03 3.147758432433290371e-02
6.090000000000000000e+03 3.150969715733928367e-02
6.100000000000000000e+03 3.155667536113848648e-02
6.110000000000000000e+03 3.161792497954619280e-02
6.120000000000000000e+03 3.169266159189446791e-02
6.130000000000000000e+03 3.177995978339694799e-02
6.140000000000000000e+03 3.187881207432466391e-02
6.150000000000000000e+03 3.198818680333655878e-02
6.160000000000000000e+03 3.210707458539322628e-02
6.170000000000000000e+03 3.223451520078179228e-02
6.180000000000000000e+03 3.236960060138509288e-02
6.190000000000000000e+03 3.251145394987294684e-02
6.200000000000000000e+03 3.265918879873729030e-02
6.210000000000000000e+03 3.281185572646919818e-02
6.220000000000000000e+03 3.296838544287254702e-02
6.230000000000000000e+03 3.312753772295069093e-02
6.240000000000000000e+03 3.328786415731215670e-02
6.250000000000000000e+03 3.344769045089604487e-02
6.260000000000000000e+03 3.360512117597826143e-02
6.270000000000000000e+03 3.375806672614110188e-02
6.280000000000000000e+03 3.390428981178188889e-02
6.290000000000000000e+03 3.404146757475201568e-02
6.300000000000000000e+03 3.416726496257838086e-02
6.310000000000000000e+03 3.427941454185261944e-02
6.320000000000000000e+03 3.437579742942559885e-02
6.330000000000000000e+03 3.445451992507101574e-02
6.340000000000000000e+03 3.451398086143351446e-02
6.350000000000000000e+03 3.455292546514270730e-02
6.360000000000000000e+03 3.457048220017403667e-02
6.370000000000000000e+03 3.456617996551604455e-02
6.380000000000000000e+03 3.453994505892820505e-02
6.390000000000000000e+03 3.449207924712151957e-02
6.400000000000000000e+03 3.442322166924605131e-02
6.410000000000000000e+03 3.433429890505013127e-02
6.420000000000000000e+03 3.422646862390185674e-02
6.430000000000000000e+03 3.410106205149043834e-02
6.440000000000000000e+03 3.395953003772277795e-02
6.450000000000000000e+03 3.380339716903266872e-02
6.460000000000000000e+03 3.363422728658112953e-02
6.470000000000000000e+03 3.345360213211310413e-02
6.480000000000000000e+03 3.326311297764258240e-02
6.490000000000000000e+03 3.306436264904372840e-02
6.500000000000000000e+03 3.285897349076827290e-02
6.510000000000000000e+03 3.264859601264843286e-02
6.520000000000000000e+03 3.243491261578559937e-02
6.530000000000000000e+03 3.221963175149730046e-02
6.540000000000000000e+03 3.200447052229037775e-02
6.550000000000000000e+03 3.179112650048056959e-02
6.560000000000000000e+03 3.158124160875424441e-02
6.570000000000000000e+03 3.137636259331029465e-02
6.580000000000000000e+03 3.117790328698416547e-02
6.590000000000000000e+03 3.098711306100065607e-02
6.600000000000000000e+03 3.080505419230816083e-02
6.610000000000000000e+03 3.063258924435751512e-02
6.620000000000000000e+03 3.047037813136828366e-02
6.630000000000000000e+03 3.031888315797187303e-02
6.640000000000000000e+03 3.017837945361073748e-02
6.650000000000000000e+03 3.004896801051197552e-02
6.660000000000000000e+03 2.993058924099660165e-02
6.670000000000000000e+03 2.982303630747017154e-02
6.680000000000000000e+03 2.972596884198737757e-02
6.690000000000000000e+03 2.963892883578569254e-02
6.700000000000000000e+03 2.956136090643252806e-02
6.710000000000000000e+03 2.949263858568745844e-02
6.720000000000000000e+03 2.943209750400180985e-02
6.730000000000000000e+03 2.937907547945213527e-02
6.740000000000000000e+03 2.933295769249218837e-02
6.750000000000000000e+03 2.929322321199991086e-02
6.760000000000000000e+03 2.925948832962549720e-02
6.770000000000000000e+03 2.923154217190268925e-02
6.780000000000000000e+03 2.920937113228243981e-02
6.790000000000000000e+03 2.919317071248209161e-02
6.800000000000000000e+03 2.918334538485215651e-02
6.810000000000000000e+03 2.918049810385569751e-02
6.820000000000000000e+03 2.918541116247795608e-02
6.830000000000000000e+03 2.919901967725021391e-02
6.840000000000000000e+03 2.922237854979969907e-02
6.850000000000000000e+03 2.925662330146275650e-02
6.860000000000000000e+03 2.930292501489547771e-02
6.870000000000000000e+03 2.936243999473665475e-02
6.880000000000000000e+03 2.943625525696833695e-02
6.890000000000000000e+03 2.952533175859371056e-02
6.900000000000000000e+03 2.963044862636962651e-02
6.910000000000000000e+03 2.975215290330785606e-02
6.920000000000000000e+03 2.989071963542657903e-02
6.930000000000000000e+03 3.004612626030371894e-02
6.940000000000000000e+03 3.021804425023109572e-02
6.950000000000000000e+03 3.040585012630508607e-02
6.960000000000000000e+03 3.060865623533810115e-02
6.970000000000000000e+03 3.082535884331752060e-02
6.980000000000000000e+03 3.105469843846265024e-02
6.990000000000000000e+03 3.129532529669667995e-02
7.000000000000000000e+03 3.154586219965019311e-02
7.010000000000000000e+03 3.180495613923590981e-02
7.020000000000000000e+03 3.207131247079874486e-02
7.030000000000000000e+03 3.234370759083377012e-02
7.040000000000000000e+03 3.262097932094449454e-02
7.050000000000000000e+03 3.290199749202221691e-02
7.060000000000000000e+03 3.318562022169235098e-02
7.070000000000000000e+03 3.347064356676587166e-02
7.080000000000000000e+03 3.375575273474214211e-02
7.090000000000000000e+03 3.403948218108575341e-02
7.100000000000000000e+03 3.432019058136956402e-02
7.110000000000000000e+03 3.459605481877745664e-02
7.120000000000000000e+03 3.486508474925255341e-02
7.130000000000000000e+03 3.512515802591403835e-02
7.140000000000000000e+03 3.537407178377682121e-02
7.150000000000000000e+03 3.560960592171157069e-02
7.160000000000000000e+03 3.582959163836212796e-02
7.170000000000000000e+03 3.603197923252445672e-02
7.180000000000000000e+03 3.621490038516585186e-02
7.190000000000000000e+03 3.637672121506315553e-02
7.200000000000000000e+03 3.651608370674882392e-02
7.210000000000000000e+03 3.663193462448216531e-02
7.220000000000000000e+03 3.672354205536322580e-02
7.230000000000000000e+03 3.679050022803804360e-02
7.240000000000000000e+03 3.683272326243406530e-02
7.250000000000000000e+03 3.685042848790534564e-02
7.260000000000000000e+03 3.684411079751961221e-02
7.270000000000000000e+03 3.681451057536642285e-02
7.280000000000000000e+03 3.676257792186763546e-02
7.290000000000000000e+03 3.668943629443714716e-02
7.300000000000000000e+03 3.659634927176148161e-02
7.310000000000000000e+03 3.648469322356863442e-02
7.320000000000000000e+03 3.635593642162487926e-02
7.330000000000000000e+03 3.621162304394755227e-02
7.340000000000000000e+03 3.605335940374262277e-02
7.350000000000000000e+03 3.588279881817502820e-02
7.360000000000000000e+03 3.570162126570825684e-02
7.370000000000000000e+03 3.551150515505875627e-02
7.380000000000000000e+03 3.531409037851101357e-02
7.390000000000000000e+03 3.511093351475765706e-02
7.400000000000000000e+03 3.490345771637116956e-02
7.410000000000000000e+03 3.469290135002477821e-02
7.420000000000000000e+03 3.448027024515885886e-02
7.430000000000000000e+03 3.426629879933069944e-02
7.440000000000000000e+03 3.405142527301230349e-02
7.450000000000000000e+03 3.383578598923905195e-02
7.460000000000000000e+03 3.361923181807111721e-02
7.470000000000000000e+03 3.340136844501395003e-02
7.480000000000000000e+03 3.318161999307856630e-02
7.490000000000000000e+03 3.295931296687725637e-02
7.500000000000000000e+03 3.273377395835268266e-02
7.510000000000000000e+03 3.250443169652204173e-02
7.520000000000000000e+03 3.227091339971376038e-02
7.530000000000000000e+03 3.203312597462090044e-02
7.540000000000000000e+03 3.179131367128913699e-02
7.550000000000000000e+03 3.154608667303428898e-02
7.560000000000000000e+03 3.129841860627579492e-02
7.570000000000000000e+03 3.104961384943531397e-02
7.580000000000000000e+03 3.080124872278319076e-02
7.590000000000000000e+03 3.055509411061287789e-02
7.600000000000000000e+03 3.031302936465485320e-02
7.610000000000000000e+03 3.007695790267574804e-02
7.620000000000000000e+03 2.984873342660972900e-02
7.630000000000000000e+03 2.963010223278928629e-02
7.640000000000000000e+03 2.942266417966726832e-02
7.650000000000000000e+03 2.922785295466814523e-02
7.660000000000000000e+03 2.904693409173665641e-02
7.670000000000000000e+03 2.888101705230478045e-02
7.680000000000000000e+03 2.873107569161402475e-02
7.690000000000000000e+03 2.859797100454347998e-02
7.700000000000000000e+03 2.848247148485318417e-02
7.710000000000000000e+03 2.838526808204734977e-02
7.720000000000000000e+03 2.830698197505776559e-02
7.730000000000000000e+03 2.824816350676170526e-02
7.740000000000000000e+03 2.820928107497646178e-02
7.750000000000000000e+03 2.819070066096133337e-02
7.760000000000000000e+03 2.819265877578247537e-02
7.770000000000000000e+03 2.821523295913719656e-02
7.780000000000000000e+03 2.825831445227288199e-02
7.790000000000000000e+03 2.832158713112143886e-02
7.800000000000000000e+03 2.840451536585777287e-02
7.810000000000000000e+03 2.850634135815249826e-02
7.820000000000000000e+03 2.862609112363615621e-02
7.830000000000000000e+03 2.876258746784687501e-02
7.840000000000000000e+03 2.891446797464713656e-02
7.850000000000000000e+03 2.908020649531706248e-02
7.860000000000000000e+03 2.925813748619341889e-02
7.870000000000000000e+03 2.944648301812711338e-02
7.880000000000000000e+03 2.964338189321630984e-02
7.890000000000000000e+03 2.984691994926949241e-02
7.900000000000000000e+03 3.005516039201855394e-02
7.910000000000000000e+03 3.026617279949049208e-02
7.920000000000000000e+03 3.047805987544070783e-02
7.930000000000000000e+03 3.068898125258424925e-02
7.940000000000000000e+03 3.089717328689959783e-02
7.950000000000000000e+03 3.110096368101707143e-02
7.960000000000000000e+03 3.129878082312261695e-02
7.970000000000000000e+03 3.148915885608073034e-02
7.980000000000000000e+03 3.167073947896389963e-02
7.990000000000000000e+03 3.184227141355071983e-02
8.000000000000000000e+03 3.200260864496652646e-02
8.010000000000000000e+03 3.215070878704489460e-02
8.020000000000000000e+03 3.228563292385953909e-02
8.030000000000000000e+03 3.240654763168714092e-02
8.040000000000000000e+03 3.251272939538368129e-02
8.050000000000000000e+03 3.260357153307302802e-02
8.060000000000000000e+03 3.267859299890945451e-02
8.070000000000000000e+03 3.273744759703791501e-02
8.080000000000000000e+03 3.277993184679695721e-02
8.090000000000000000e+03 3.280599033363926914e-02
8.100000000000000000e+03 3.281571821263893490e-02
8.110000000000000000e+03 3.280936055192656270e-02
8.120000000000000000e+03 3.278730768990594652e-02
8.130000000000000000e+03 3.275008618972385932e-02
8.140000000000000000e+03 3.269834626602827893e-02
8.150000000000000000e+03 3.263284730736382144e-02
8.160000000000000000e+03 3.255444277442439555e-02
8.170000000000000000e+03 3.246406520335881618e-02
8.180000000000000000e+03 3.236271173339001078e-02
8.190000000000000000e+03 3.225143054924426572e-02
8.200000000000000000e+03 3.213130843043546930e-02
8.210000000000000000e+03 3.200345834076018248e-02
8.220000000000000000e+03 3.186900519892903183e-02
8.230000000000000000e+03 3.172906786662045564e-02
8.240000000000000000e+03 3.158473486765662336e-02
8.250000000000000000e+03 3.143703209315912989e-02
8.260000000000000000e+03 3.128688320527101691e-02
8.270000000000000000e+03 3.113506553817057751e-02
8.280000000000000000e+03 3.098216546423834469e-02
8.290000000000000000e+03 3.082853885386292736e-02
8.300000000000000000e+03 3.067428328415360700e-02
8.310000000000000000e+03 3.051922781369290419e-02
8.320000000000000000e+03 3.036294503539080022e-02
8.330000000000000000e+03 3.020478838314844330e-02
8.340000000000000000e+03 3.004395475333915613e-02
8.350000000000000000e+03 2.987956967441072337e-02
8.360000000000000000e+03 2.971078981060867874e-02
8.370000000000000000e+03 2.953691466956754469e-02
8.380000000000000000e+03 2.935749611278544099e-02
8.390000000000000000e+03 2.917243257728980785e-02
8.400000000000000000e+03 2.898203641610967371e-02
8.410000000000000000e+03 2.878706597787593705e-02
8.420000000000000000e+03 2.858871835792435590e-02
8.430000000000000000e+03 2.838858365573513481e-02
8.440000000000000000e+03 2.818856612731567707e-02
8.450000000000000000e+03 2.799078172736647191e-02
8.460000000000000000e+03 2.779744441098974672e-02
8.470000000000000000e+03 2.761075414385778456e-02
8.480000000000000000e+03 2.743279858133986643e-02
8.490000000000000000e+03 2.726547861701026157e-02
8.500000000000000000e+03 2.711046494209209956e-02
8.510000000000000000e+03 2.696918849004045771e-02
8.520000000000000000e+03 2.684286249364958507e-02
8.530000000000000000e+03 2.673252908095247182e-02
8.540000000000000000e+03 2.663912096240985891e-02
8.550000000000000000e+03 2.656352753957139795e-02
8.560000000000000000e+03 2.650665359489886089e-02
8.570000000000000000e+03 2.646945915812805653e-02
8.580000000000000000e+03 2.645297230014019910e-02
8.590000000000000000e+03 2.645827182601318689e-02
8.600000000000000000e+03 2.648644187394888147e-02
8.610000000000000000e+03 2.653850437694724521e-02
8.620000000000000000e+03 2.661533798793357455e-02
8.630000000000000000e+03 2.671759300733145964e-02
8.640000000000000000e+03 2.684561149355545184e-02
8.650000000000000000e+03 2.699936104942527240e-02
8.660000000000000000e+03 2.717838962076568610e-02
8.670000000000000000e+03 2.738180642091687239e-02
8.680000000000000000e+03 2.760829123781825475e-02
8.690000000000000000e+03 2.785613150561437601e-02
8.700000000000000000e+03 2.812328393375149518e-02
8.710000000000000000e+03 2.840745565637146919e-02
8.720000000000000000e+03 2.870619837256103979e-02
8.730000000000000000e+03 2.901700693871163417e-02
8.740000000000000000e+03 2.933741187403587566e-02
8.750000000000000000e+03 2.966505517587581311e-02
8.760000000000000000e+03 2.999774101485060476e-02
8.770000000000000000e+03 3.033345588629962966e-02
8.780000000000000000e+03 3.067035697072150596e-02
8.790000000000000000e+03 3.100673343051427860e-02
8.800000000000000000e+03 3.134095084301926487e-02
8.810000000000000000e+03 3.167139148752650540e-02
8.820000000000000000e+03 3.199640381950803053e-02
8.830000000000000000e+03 3.231427330745044457e-02
8.840000000000000000e+03 3.262322197968539617e-02
8.850000000000000000e+03 3.292143710900219400e-02
8.860000000000000000e+03 3.320712402146389075e-02
8.870000000000000000e+03 3.347857425866004877e-02
8.880000000000000000e+03 3.373423772340059662e-02
8.890000000000000000e+03 3.397278717948780391e-02
8.900000000000000000e+03 3.419316568739216161e-02
8.910000000000000000e+03 3.439461144211249793e-02
8.920000000000000000e+03 3.457665838408451042e-02
8.930000000000000000e+03 3.473911392752797311e-02
8.940000000000000000e+03 3.488201836480758072e-02
8.950000000000000000e+03 3.500559351487084886e-02
8.960000000000000000e+03 3.511018798798721391e-02
8.970000000000000000e+03 3.519622352923919284e-02
8.980000000000000000e+03 3.526414502048045435e-02
8.990000000000000000e+03 3.531437664387042374e-02
9.000000000000000000e+03 3.534728668718366273e-02
9.010000000000000000e+03 3.536316273055702120e-02
9.020000000000000000e+03 3.536219704857344881e-02
9.030000000000000000e+03 3.534448088070532568e-02
9.040000000000000000e+03 3.531000752272686616e-02
9.050000000000000000e+03 3.525868544194686593e-02
9.060000000000000000e+03 3.519036188673701354e-02
9.070000000000000000e+03 3.510485591966027580e-02
9.080000000000000000e+03 3.500199844250350550e-02
9.090000000000000000e+03 3.488167531478871680e-02
9.100000000000000000e+03 3.474386931899573622e-02
9.110000000000000000e+03 3.458869733496245519e-02
9.120000000000000000e+03 3.441643932434233777e-02
9.130000000000000000e+03 3.422755658595984241e-02
9.140000000000000000e+03 3.402269867547423610e-02
9.150000000000000000e+03 3.380270068879100143e-02
9.160000000000000000e+03 3.356857342087646301e-02
9.170000000000000000e+03 3.332148923451976746e-02
9.180000000000000000e+03 3.306276712517399602e-02
9.190000000000000000e+03 3.279386038106234941e-02
9.200000000000000000e+03 3.251634867458294553e-02
9.210000000000000000e+03 3.223193442525582042e-02
9.220000000000000000e+03 3.194244192596953219e-02
9.230000000000000000e+03 3.164981547749688012e-02
9.240000000000000000e+03 3.135611085508085288e-02
9.250000000000000000e+03 3.106347509335055657e-02
9.260000000000000000e+03 3.077411184095071861e-02
9.270000000000000000e+03 3.049023146774380508e-02
9.280000000000000000e+03 3.021398760943647815e-02
9.290000000000000000e+03 2.994740495970506580e-02
9.300000000000000000e+03 2.969230547538804013e-02
9.310000000000000000e+03 2.945024179060816427e-02
9.320000000000000000e+03 2.922244766547565237e-02
9.330000000000000000e+03 2.900981312642523027e-02
9.340000000000000000e+03 2.881288805097078840e-02
9.350000000000000000e+03 2.863191390599993322e-02
9.360000000000000000e+03 2.846687841124640600e-02
9.370000000000000000e+03 2.831758401874523434e-02
9.380000000000000000e+03 2.818371987965995543e-02
9.390000000000000000e+03 2.806492693613066303e-02
9.400000000000000000e+03 2.796084743797331781e-02
9.410000000000000000e+03 2.787115457812425895e-02
9.420000000000000000e+03 2.779556206559998313e-02
9.430000000000000000e+03 2.773381552278188569e-02
9.440000000000000000e+03 2.768566951574780860e-02
9.450000000000000000e+03 2.765085498670502573e-02
9.460000000000000000e+03 2.762904103345681373e-02
9.470000000000000000e+03 2.761979420604284904e-02
9.480000000000000000e+03 2.762253889330741272e-02
9.490000000000000000e+03 2.763652266187804560e-02
9.500000000000000000e+03 2.766079087429432551e-02
9.510000000000000000e+03 2.769417554375630877e-02
9.520000000000000000e+03 2.773530236774397056e-02
9.530000000000000000e+03 2.778261780029997116e-02
9.540000000000000000e+03 2.783443555477245826e-02
9.550000000000000000e+03 2.788900012318020621e-02
9.560000000000000000e+03 2.794456393774564368e-02
9.570000000000000000e+03 2.799947270458267787e-02
9.580000000000000000e+03 2.805225137742310693e-02
9.590000000000000000e+03 2.810168278777561840e-02
9.600000000000000000e+03 2.814687131146732801e-02
9.610000000000000000e+03 2.818728485531192193e-02
9.620000000000000000e+03 2.822277108680471686e-02
9.630000000000000000e+03 2.825354773571232478e-02
9.640000000000000000e+03 2.828016990538304715e-02
9.650000000000000000e+03 2.830347923777702668e-02
9.660000000000000000e+03 2.832454030555144053e-02
9.670000000000000000e+03 2.834456942800228987e-02
9.680000000000000000e+03 2.836486111252282949e-02
9.690000000000000000e+03 2.838671694888239214e-02
9.700000000000000000e+03 2.841138160001821164e-02
9.710000000000000000e+03 2.843999064262240847e-02
9.720000000000000000e+03 2.847353327266707521e-02
9.730000000000000000e+03 2.851283074531657177e-02
9.740000000000000000e+03 2.855853045276913332e-02
9.750000000000000000e+03 2.861111362960512897e-02
9.760000000000000000e+03 2.867091225774844390e-02
9.770000000000000000e+03 2.873812908583932291e-02
9.780000000000000000e+03 2.881285396309768085e-02
9.790000000000000000e+03 2.889507056078546160e-02
9.800000000000000000e+03 2.898465022764015742e-02
9.810000000000000000e+03 2.908133282043846163e-02
9.820000000000000000e+03 2.918469662767663939e-02
9.830000000000000000e+03 2.929412129540594212e-02
9.840000000000000000e+03 2.940874952409734330e-02
9.850000000000000000e+03 2.952745427353599059e-02
9.860000000000000000e+03 2.964881799356624409e-02
9.870000000000000000e+03 2.977112906694494299e-02
9.880000000000000000e+03 2.989239863312956325e-02
9.890000000000000000e+03 3.001039864739980106e-02
9.900000000000000000e+03 3.012271916553544912e-02
9.910000000000000000e+03 3.022684107176273546e-02
9.920000000000000000e+03 3.032021997706695060e-02
9.930000000000000000e+03 3.040037602349188878e-02
9.940000000000000000e+03 3.046498254316905296e-02
9.950000000000000000e+03 3.051194690520885391e-02
9.960000000000000000e+03 3.053947963965189527e-02
9.970000000000000000e+03 3.054614898433083425e-02
9.980000000000000000e+03 3.053091866428175871e-02
9.990000000000000000e+03 3.049316968834865985e-02
1.000000000000000000e+04 3.043270854941429460e-02
